   0-0 -0.000 -0.962 -0.499 -0.463 -0.462  3.092 -0.876 -0.482 -0.344 -0.428  2.386  1.532 -1.024 -0.626 -0.499 -0.550  2.544  3.923  1.052  1.243 -1.095 -0.654 -0.576 -0.579  2.897  3.587  4.377  1.590  1.479 -0.848 -0.427 -0.309 -0.397  3.191  5.647  4.743  5.087  5.017  5.209  5.164 -0.958 -0.546 -0.325 -0.411 -0.926 -0.510 -0.382 -0.447  2.837  4.716  1.746  3.038  2.955  1.997 -0.827 -0.424 -0.308 -0.402  3.908  4.360  4.162  4.365 -1.092 -0.669 -0.568 -0.575  2.847  3.773  3.954  3.294  1.320 -0.918 -0.453 -0.386 -0.451  3.571  5.407  4.777  4.684 -0.888 -0.432 -0.372 -0.430  3.289  4.185  4.817  3.773 -1.012 -0.595 -0.444 -0.498  2.432  4.150  1.367  1.451 -0.753 -0.602 -0.596 -0.501  3.869  4.698 -0.168 -1.050 -0.605 -0.514 -0.542  2.926  3.645  4.718  1.749  1.612 -1.018 -0.586 -0.497 -0.519  2.922  3.807  3.772  1.896  4.019  1.362  1.343 -0.938 -0.557 -0.426 -0.479  2.480  0.985 -0.905 -0.540 -0.383 -0.473  2.751  1.053  3.330 -0.817 -0.442 -0.301 -0.404  3.839  3.994  3.929 -0.859 -0.432 -0.338 -0.413  3.303  5.203  4.330  5.699  1.938  5.490  5.122  5.052  4.885  5.151 -0.875 -0.463 -0.328 -0.420  3.166  5.498  4.772  4.824  4.765  4.858  5.229  1.375 
   0-1 -0.962 -1.860 -1.455 -1.475 -1.888  1.745 -1.514 -1.300 -1.338 -1.719  1.473  5.368 -1.735 -1.522 -1.537 -1.881  1.013  3.398  0.116  0.778 -1.980 -1.622 -1.629 -1.952  1.482  3.811  4.662  1.328  1.521 -1.534 -1.256 -1.285 -1.675  1.761  4.844  4.662  5.760  5.761  5.356  5.761 -1.547 -1.326 -1.330 -1.642 -1.562 -1.266 -1.272 -1.609  1.788  4.392  1.529  3.569  4.643  3.797 -1.533 -1.370 -1.392 -1.753  2.270  4.747  2.892  4.343 -1.938 -1.634 -1.631 -1.879  1.502  4.293  4.370  5.021  4.982 -1.786 -1.374 -1.406 -1.791  1.904  5.680  6.193  5.206 -1.789 -1.394 -1.423 -1.787  1.483  4.028  5.824  4.027 -1.731 -1.470 -1.477 -1.778  1.112  3.667  0.222  2.025 -0.876 -1.467 -1.479 -1.778  2.107  4.782  0.908 -1.925 -1.593 -1.600 -1.898  1.444  4.083  5.443  1.258  2.940 -1.810 -1.444 -1.458 -1.788  1.467  4.535  5.351  5.332  4.798  4.095  4.185 -1.543 -1.392 -1.417 -1.749  1.001  0.623 -1.450 -1.386 -1.412 -1.723  0.844  0.969  2.547 -1.428 -1.328 -1.351 -1.747  2.009  3.133  3.663 -1.624 -1.247 -1.269 -1.645  1.622  3.438  4.670  4.005  5.360  5.377  4.305  5.372  5.399  5.383 -1.495 -1.297 -1.323 -1.680  1.705  3.853  4.855  5.550  6.225  6.227  6.217  2.096 
   0-2 -0.499 -1.455  6.114 -1.462 -1.475  6.516 -1.419  4.655 -1.318 -1.336  5.358  5.362 -1.494  5.252 -1.507 -1.516  6.605  5.879  4.953  4.243 -1.553  6.707 -1.607 -1.619  6.673  6.640  5.506  4.983  4.382 -1.348  4.817 -1.270 -1.283  6.438  6.447  6.448  6.448  6.448  5.755  6.448 -1.411  5.614 -1.319 -1.330 -1.385  5.801 -1.266 -1.275  5.792  5.774  5.756  5.761  5.042  5.044 -1.333  6.811 -1.382 -1.395  6.127  6.822  5.433  5.725 -1.560  6.558 -1.620 -1.633  5.832  6.488  6.447  5.711  4.573 -1.424  7.263 -1.389 -1.403  7.276  7.285  5.678  5.670 -1.447  5.801 -1.405 -1.417  5.808  5.813  5.818  4.019 -1.417  6.356 -1.461 -1.476  6.328  5.609  4.345  4.897 -1.346  1.969 -1.464 -1.466  6.393  6.386 -1.097 -1.494  5.516 -1.586 -1.595  6.186  6.159  6.132  4.041  4.167 -1.502  6.523 -1.439 -1.448  6.501  6.477  5.752  5.733  5.304  4.090  3.812 -1.402  5.320 -1.391 -1.400  6.686  4.733 -1.351  6.003 -1.386 -1.395  6.680  4.591  5.976 -1.321  6.362 -1.338 -1.353  7.061  7.060  7.059 -1.367  5.371 -1.260 -1.270  5.379  5.376  5.357  5.385  5.353  5.370  5.397  5.366  5.392  5.376 -1.333  5.150 -1.305 -1.318  6.253  6.244  6.236  5.544  6.219  6.219  6.211  4.393 
   0-3 -0.463 -1.475 -1.462 -0.654 -0.636  3.236 -1.440 -1.416 -0.398 -0.342  4.256  5.359 -1.519 -1.518 -0.519 -0.647  2.612  5.470  3.921  4.596 -1.580 -1.576 -0.817 -0.826  3.492  5.945  5.909  4.192  4.180 -1.368 -1.341 -0.466 -0.367  3.391  6.446  6.445  6.446  5.753  5.752  5.752 -1.443 -1.426 -0.025 -0.215 -1.407 -1.395 -0.413 -0.367  2.844  5.771  4.367  5.064  4.632  5.041 -1.345 -1.326 -0.562 -0.580  6.124  6.127  5.719  4.876 -1.582 -1.582 -0.779 -0.759  3.090  5.796  5.756  5.713  4.169 -1.441 -1.417 -0.714 -0.680  4.635  6.591  6.188  6.586 -1.468 -1.444 -0.673 -0.685  3.859  5.118  5.817  5.117 -1.448 -1.437 -0.426 -0.546  2.335  4.506  3.802  3.882 -1.351 -1.358 -0.720 -0.644  5.696  5.285 -1.374 -1.524 -1.511 -0.777 -0.846  3.699  5.059  5.437  5.021  4.501 -1.526 -1.518 -0.698 -0.618  3.554  4.866  5.346  5.328  5.016  4.783  4.767 -1.422 -1.418 -0.412 -0.497  3.019  3.785 -1.372 -1.363 -0.424 -0.578  4.597  3.300  6.665 -1.334 -1.315 -0.500 -0.466  5.960  7.058  5.671 -1.384 -1.362 -0.625 -0.495  5.376  5.373  4.255  5.383  4.657  5.369  5.394  5.363  5.389  5.374 -1.356 -1.333 -0.466 -0.374  3.852  6.243  5.135  6.234  6.217  6.218  6.209  4.103 
   0-4 -0.462 -1.888 -1.475 -0.636  1.895  2.212 -1.803 -1.435 -0.201  1.981  2.634  3.267 -1.764 -1.528 -0.243  1.991  2.102  3.156  2.721  2.489 -1.845 -1.586 -0.630  1.793  2.472  2.519  4.195  2.916  2.984 -1.730 -1.353 -0.274  2.079  2.640  4.642  3.602  3.390  5.336  4.354  4.641 -1.804 -1.450  0.175  1.841 -1.734 -1.409 -0.217  2.148  2.138  4.148  0.961  2.218  1.766  1.187 -1.741 -1.338 -0.229  2.249  4.322  2.547  3.341  3.284 -1.877 -1.590 -0.580  1.865  2.227  2.531  2.831  2.527  0.309 -1.839 -1.428 -0.422  2.109  3.205  4.055  3.811  3.485 -1.814 -1.458 -0.384  2.011  2.499  2.855  3.858  3.090 -1.737 -1.451 -0.102  1.965  1.749  3.109  1.845  0.189 -1.375 -1.324 -0.777  1.262  4.077  3.483  1.307 -1.824 -1.527 -0.491  1.926  2.591  2.622  3.636  2.120  0.368 -1.853 -1.528 -0.535  1.929  2.429  2.554  2.746  1.018  3.348  0.235  0.427 -1.696 -1.433 -0.142  1.928  2.027 -0.086 -1.627 -1.379  0.147  2.076  2.836 -0.139  2.542 -1.702 -1.327 -0.151  2.186  4.276  3.334  2.743 -1.705 -1.376 -0.423  2.300  3.284  4.262  2.777  5.369  0.657  4.256  5.381  4.252  4.684  5.360 -1.753 -1.343 -0.245  1.935  2.871  5.537  3.450  3.451  5.107  4.597  5.504  0.602 
   0-5  3.092  1.745  6.516  3.236  2.212  5.595  1.510  4.649  2.847  1.922  4.658  4.663  1.339  6.636  3.253  2.169  6.602  4.960  3.064  3.046  1.421  6.704  3.586  2.181  5.976  5.249  4.807  3.409  3.482  1.749  6.422  3.773  2.453  6.433  6.442  6.442  6.441  5.343  5.342  5.748  1.535  6.304  3.543  2.301  1.692  5.797  3.316  2.618  5.786  5.769  5.058  5.756  5.730  4.346  1.847  6.805  3.501  2.371  6.813  6.122  5.204  5.206  1.538  6.554  3.310  2.339  6.519  5.383  5.341  5.297  4.158  1.839  6.565  3.440  2.303  7.269  6.178  5.200  6.173  1.542  5.103  3.709  2.602  5.803  5.808  4.426  3.725  1.641  5.659  3.273  2.228  6.325  5.200  2.791  3.571  3.097  6.421  2.901  2.178  6.389  5.689  3.514  1.636  6.205  3.508  2.544  6.180  5.460  5.028  3.117  3.398  1.621  6.519  3.436  2.361  5.398  4.681  4.647  4.117  4.449  3.820  3.536  1.501  6.703  3.153  2.097  5.584  3.540  1.626  6.693  3.202  2.261  6.676  3.371  5.055  1.849  7.049  3.579  2.548  6.361  5.108  4.973  1.925  5.365  3.973  2.867  5.373  5.371  4.659  5.378  3.960  5.364  5.389  5.359  4.692  5.370  1.708  6.244  3.350  2.324  5.555  6.239  6.231  5.132  5.520  5.115  6.205  3.405 
   0-6 -0.876 -1.514 -1.419 -1.440 -1.803  1.510 -1.021 -1.052 -1.094 -1.650  1.367  2.013 -1.484 -1.503 -1.515 -1.786  1.261  3.049  0.322  0.565 -1.489 -1.373 -1.398 -1.663  1.575  3.811  4.871  1.391  1.262 -1.164 -1.307 -1.335 -1.828  1.288  4.762  4.070  4.071  4.762  4.763  4.762 -1.595 -1.480 -1.475 -1.752 -1.717 -1.566 -1.571 -1.881  1.690  3.466  1.662  3.452  4.126  3.431 -1.126 -1.366 -1.383 -1.801  2.031  3.977  2.130  3.978 -1.426 -1.441 -1.451 -1.715  1.836  3.697  4.753  4.706  4.663 -1.401 -1.296 -1.335 -1.816  2.021  5.526  4.429  5.520 -1.218 -1.202 -1.231 -1.712  1.698  3.408  3.412  4.100 -1.516 -1.455 -1.469 -1.744  1.672  3.032  0.211  2.056 -0.445 -1.318 -1.327 -1.552  1.847  4.732  1.537 -1.617 -1.474 -1.480 -1.685  1.230  4.460  3.738  0.952  1.930 -1.508 -1.471 -1.478 -1.755  1.734  3.368  4.720  4.701  4.675  3.973  3.956 -1.418 -1.547 -1.559 -1.839  0.956  0.490 -1.243 -1.515 -1.524 -1.832  0.922  0.915  2.665 -1.064 -1.363 -1.371 -1.806  1.733  2.515  4.189 -1.224 -1.326 -1.366 -1.731  1.172  3.041  3.717  3.746  3.715  3.733  2.655  3.727  3.749  3.736 -1.200 -1.430 -1.442 -1.873  1.212  3.474  3.467  3.874  4.551  4.549  4.542  1.471 
   0-7 -0.482 -1.300  4.655 -1.416 -1.435  4.649 -1.052  4.309 -1.058 -1.081  3.215  3.220 -1.453  4.220 -1.478 -1.490  4.878  4.845  4.143  3.718 -1.413  4.984 -1.350 -1.366  4.949  4.915  4.875  3.762  4.847 -1.265  4.749 -1.311 -1.328  4.759  4.770  4.767  4.767  4.767  4.766  4.767 -1.517  5.273 -1.461 -1.474 -1.740  4.188 -1.559 -1.570  4.178  4.161  4.147  4.149  4.131  4.130 -1.293  5.070 -1.368 -1.394  5.081  5.082  5.078  5.081 -1.405  4.875 -1.422 -1.438  4.839  4.801  4.756  4.711  3.975 -1.271  5.511 -1.304 -1.323  5.521  5.530  5.532  5.524 -1.180  4.098 -1.206 -1.229  4.102  4.106  4.110  4.104 -1.397  3.603 -1.436 -1.446  3.979  3.952  3.537  3.240 -1.667  2.136 -1.304 -1.316  4.741  4.736 -1.554 -1.567  4.520 -1.458 -1.470  4.492  4.463  4.434  4.421  3.723 -1.575  4.112 -1.459 -1.470  4.782  4.754  4.723  4.703  4.678  4.669  3.265 -1.514  5.078 -1.538 -1.550  5.056  5.050 -1.395  4.311 -1.504 -1.522  4.986  4.286  4.972 -1.217  5.288 -1.366 -1.386  5.293  5.290  4.597 -1.162  3.729 -1.329 -1.341  3.739  3.741  3.721  3.751  3.719  3.734  3.758  3.727  3.752  3.738 -1.306  4.580 -1.427 -1.438  4.585  4.578  4.571  4.570  4.555  4.552  4.546  3.422 
   0-8 -0.344 -1.338 -1.318 -0.398 -0.201  2.847 -1.094 -1.058  0.480  0.451  2.919  3.210 -1.504 -1.485 -0.186  0.030  2.468  4.141  3.213  4.805 -1.454 -1.445 -0.388 -0.112  2.991  4.903  4.865  4.852  4.147 -1.292 -1.266  0.037  0.278  3.366  4.758  3.373  4.065  4.759  4.757  4.757 -1.543 -1.539  0.097  0.004 -1.765 -1.757 -0.464 -0.002  2.226  4.155  4.139  4.142  4.120  4.123 -1.306 -1.295 -0.133  0.049  5.070  5.074  5.069  3.975 -1.443 -1.437 -0.314  0.008  3.219  4.791  4.747  4.703  4.659 -1.294 -1.274 -0.369 -0.177  4.125  5.520  5.522  5.516 -1.216 -1.182 -0.035  0.138  3.398  4.096  4.099  4.092 -1.435 -1.428 -0.257  0.080  2.581  3.942  3.014  3.227 -1.679 -1.688 -0.533  0.049  4.729  4.030 -1.707 -1.611 -1.598 -0.492 -0.114  2.537  4.455  4.425  3.719  4.406 -1.600 -1.600 -0.521 -0.148  2.691  4.051  4.710  3.997  4.665  3.963  3.945 -1.553 -1.539 -0.248 -0.078  2.406  3.939 -1.427 -1.416 -0.017 -0.044  3.183  3.022  4.960 -1.242 -1.223 -0.019  0.063  4.587  5.278  5.280 -1.179 -1.164 -0.239  0.206  3.727  3.730  3.709  3.741  3.708  3.724  3.746  3.712  3.742  3.722 -1.333 -1.312 -0.115  0.072  3.191  4.571  3.870  3.868  4.546  3.851  4.538  3.817 
   0-9 -0.428 -1.719 -1.336 -0.342  1.981  1.922 -1.650 -1.081  0.451  1.707  2.100  1.737 -1.773 -1.499 -0.165  1.766  1.913  2.745  2.330  2.600 -1.698 -1.458 -0.310  1.716  2.157  2.258  3.759  3.233  3.731 -1.719 -1.285  0.084  2.513  2.545  4.057  4.058  3.363  3.651  3.651  3.361 -1.921 -1.572  0.165  1.450 -2.107 -1.770 -0.412  2.375  1.598  3.049  0.731  1.425  1.470  1.278 -1.696 -1.306  0.106  2.634  4.368  2.762  3.268  2.500 -1.736 -1.453 -0.271  2.297  2.336  3.397  3.641  2.614  0.375 -1.759 -1.285 -0.096  2.137  3.107  4.819  3.568  3.899 -1.666 -1.200 -0.010  2.448  2.697  2.988  3.397  2.697 -1.704 -1.447 -0.107  1.552  1.656  3.932  1.723  0.072 -1.701 -1.669 -0.931  1.263  4.722  2.923  1.212 -1.855 -1.621 -0.453  2.305  2.172  2.501  4.415  1.695  0.223 -1.856 -1.607 -0.470  2.077  2.123  2.539  2.757  0.809  3.557  0.083  0.326 -1.819 -1.558 -0.192  1.721  1.779  0.147 -1.673 -1.431  0.244  2.587  3.174 -0.012  3.005 -1.668 -1.233  0.355  2.163  4.578  3.073  2.706 -1.606 -1.182  0.146  2.307  2.109  3.720  2.603  3.731  0.521  3.715  3.043  3.013  3.729  3.714 -1.753 -1.316  0.060  1.781  2.624  4.562  3.863  2.607  3.845  3.439  4.529  0.630 
  0-10  2.386  1.473  5.358  4.256  2.634  4.658  1.367  3.215  2.919  2.100  3.221 -2.084  0.751  4.921  2.455  1.636  3.789  4.852  3.457  3.727  1.064  4.994  3.067  2.294  4.956  4.228  4.881  3.478  3.244  1.314  4.756  3.359  2.172  4.767  4.776  4.777  4.773  4.775  4.080  4.775  1.060  5.284  2.732  1.823  0.738  4.194  3.098  2.110  4.182  4.169  3.460  4.156  2.749  4.134  1.262  5.077  3.277  2.287  5.087  5.090  4.391  4.395  1.190  4.882  2.953  2.249  4.844  4.806  4.763  4.023  3.981  1.416  5.518  3.426  2.237  5.528  5.536  5.537  4.837  1.212  4.104  2.709  2.008  4.110  4.115  3.421  3.420  1.294  4.711  3.117  1.946  3.988  3.961  2.698  2.689  2.848  4.784  2.595  1.843  4.748  4.743  4.075  1.075  4.525  2.459  2.129  4.498  3.776  3.747  3.330  3.727  1.064  4.812  3.434  2.326  4.788  4.068  4.036  4.014  4.683  3.065  3.559  0.910  5.086  3.012  1.825  3.966  3.674  1.411  5.014  2.622  1.756  4.994  2.908  4.287  1.437  5.294  3.342  2.284  5.298  4.603  3.911  1.170  3.739  2.631  1.776  3.747  3.748  3.730  3.750  3.726  3.736  3.763  3.735  3.757  3.743  1.182  4.587  3.485  2.094  4.595  4.585  4.575  4.578  4.562  4.562  4.555  3.835 
  0-11  1.532  5.368  5.362  5.359  3.267  4.663  2.013  3.220  3.210  1.737 -2.084 -3.810  3.338  3.827  4.944  2.738  3.792  3.470  3.749  2.631  3.631  4.303  4.323  2.608  4.264  3.823  4.190  3.077  3.065  3.654  4.759  4.748  2.662  4.769  4.779  4.780  4.084  3.394  4.084  3.168  3.354  4.598  3.692  2.522  4.206  4.197  4.202  3.499  3.495  4.173  2.366  3.466  2.191  1.834  3.974  5.080  5.074  3.118  5.090  5.091  4.396  3.482  3.299  4.885  4.901  3.282  4.156  4.810  4.762  4.024  2.371  4.129  5.522  5.510  2.667  5.532  4.846  4.153  4.840  3.412  4.111  4.102  3.399  4.117  4.118  3.427  2.037  3.126  4.717  4.731  2.932  3.995  4.661  2.704  2.695  4.798  4.788  4.795  3.405  4.754  4.746  4.773  3.447  3.835  3.846  2.450  3.810  3.781  3.749  2.821  2.479  4.829  4.814  4.823  3.205  4.791  3.379  3.122  3.611  3.588  2.599  2.465  4.006  5.091  5.097  2.891  3.972  2.230  3.641  5.018  5.024  2.717  5.002  2.222  4.294  4.191  5.296  5.290  2.885  4.201  3.690  4.203  3.737  3.743  3.735  2.629  3.756  3.056  3.731  3.757  2.627  3.742  3.767  3.738  3.764  3.749  3.894  4.592  3.489  2.791  4.599  4.590  4.581  4.583  3.466  3.874  4.558  3.147 
  0-12 -1.024 -1.735 -1.494 -1.519 -1.764  1.339 -1.484 -1.453 -1.504 -1.773  0.751  3.338 -1.697 -1.486 -1.511 -1.816  0.730  3.309 -0.096  0.561 -1.914 -1.616 -1.618 -1.870  0.927  2.981  4.218  1.239  1.395 -1.606 -1.557 -1.583 -1.782  1.304  4.267  4.268  4.961  4.960  5.365  5.365 -1.728 -1.535 -1.549 -1.730 -1.575 -1.384 -1.416 -1.763  1.233  3.397  1.266  2.440  3.695  3.923 -1.530 -1.529 -1.554 -1.767  1.684  3.698  2.308  5.020 -1.886 -1.674 -1.680 -2.127  0.921  3.369  3.905  4.118  3.032 -1.687 -1.502 -1.539 -1.755  1.918  4.622  4.743  5.428 -1.606 -1.513 -1.542 -1.736  1.352  3.758  5.370  4.264 -1.667 -1.454 -1.487 -1.852  0.710  3.341 -0.230  1.314 -1.244 -1.753 -1.778 -1.936  1.762  4.847  1.476 -1.712 -1.494 -1.504 -1.966  1.211  3.513  4.992  0.448  1.979 -1.802 -1.592 -1.600 -1.980  0.873  3.343  5.329  5.310  5.288  3.893  4.012 -1.607 -1.535 -1.577 -1.824  0.562  0.083 -1.542 -1.488 -1.515 -1.817  0.467  0.280  1.889 -1.431 -1.499 -1.520 -1.757  1.468  2.417  3.295 -1.689 -1.531 -1.559 -1.757  1.665  3.610  4.286  4.312  4.977  4.992  5.015  4.987  5.012  5.000 -1.652 -1.565 -1.589 -1.776  1.389  3.685  3.928  5.181  5.165  4.472  5.849  1.380 
  0-13 -0.626 -1.522  5.252 -1.518 -1.528  6.636 -1.503  4.220 -1.485 -1.499  4.921  3.827 -1.486  4.237 -1.491 -1.499  6.152  5.023  3.404  4.488 -1.677  6.242 -1.620 -1.628  6.211  6.180  6.144  4.340  4.328 -1.623  6.015 -1.589 -1.599  6.027  6.037  6.036  6.036  5.343  5.344  5.342 -1.625  5.389 -1.546 -1.552 -1.440  4.653 -1.403 -1.408  5.338  5.319  5.302  4.614  5.280  5.284 -1.593  5.678 -1.560 -1.569  6.382  6.384  6.381  5.286 -1.600  6.185 -1.679 -1.692  6.157  5.025  4.476  4.436  3.707 -1.538  6.774 -1.535 -1.545  6.788  6.104  6.108  6.793 -1.456  5.328 -1.544 -1.550  5.337  5.343  4.655  3.954 -1.491  4.549 -1.464 -1.471  5.910  5.886  4.490  4.771 -1.764  2.088 -1.768 -1.770  5.932  5.925 -1.633 -1.419  5.736 -1.503 -1.513  5.021  5.690  5.665  4.267  4.549 -1.509  5.379 -1.604 -1.614  6.053  6.031  6.002  5.291  5.267  4.160  3.859 -1.496  6.252 -1.552 -1.561  6.234  4.840 -1.480  5.125 -1.504 -1.509  6.207  4.588  5.505 -1.518  6.565 -1.526 -1.536  6.571  5.877  5.877 -1.602  4.275 -1.558 -1.567  4.976  4.974  4.957  4.984  4.954  4.970  4.995  4.965  4.990  4.975 -1.597  5.865 -1.588 -1.595  5.869  5.861  5.853  5.854  5.836  5.836  5.827  4.414 
  0-14 -0.499 -1.537 -1.507 -0.519 -0.243  3.253 -1.515 -1.478 -0.186 -0.165  2.455  4.944 -1.511 -1.491 -0.307 -0.271  2.361  5.039  3.644  4.322 -1.693 -1.679 -0.754 -0.465  2.489  4.250  6.161  4.763  6.137 -1.628 -1.596 -0.574 -0.282  3.212  6.057  5.362  6.056  5.363  6.056  6.056 -1.641 -1.617  0.087 -0.077 -1.463 -1.429 -0.397 -0.297  2.521  5.337  4.628  4.632  5.302  5.305 -1.593 -1.566 -0.533 -0.353  4.790  5.303  5.300  4.611 -1.627 -1.603 -0.530 -0.444  2.300  4.194  5.410  5.370  3.829 -1.544 -1.511 -0.611 -0.473  3.915  5.717  5.720  6.811 -1.467 -1.431 -0.552 -0.471  3.746  5.361  4.672  4.260 -1.533 -1.491 -0.154 -0.153  1.532  4.516  4.795  3.247 -1.748 -1.756 -0.518 -0.334  5.254  5.249 -1.769 -1.444 -1.418 -0.475 -0.382  2.735  4.609  4.988  3.590  4.566 -1.544 -1.505 -0.493 -0.446  3.125  5.355  6.019  5.308  5.285  4.360  4.568 -1.536 -1.491 -0.389 -0.292  2.642  3.473 -1.497 -1.472 -0.369 -0.303  3.516  3.577  4.828 -1.520 -1.491 -0.389 -0.251  4.980  6.589  5.895 -1.611 -1.578 -0.581 -0.325  2.690  4.300  4.281  5.000  4.971  4.988  4.319  4.984  5.007  4.993 -1.603 -1.576 -0.514 -0.286  3.247  5.878  4.771  5.870  5.854  5.852  5.846  5.126 
  0-15 -0.550 -1.881 -1.516 -0.647  1.991  2.169 -1.786 -1.490  0.030  1.766  1.636  2.738 -1.816 -1.499 -0.271  1.859  1.754  2.634  2.133  2.344 -1.939 -1.687 -0.786  1.482  1.863  1.986  3.756  2.454  2.697 -1.873 -1.607 -0.517  2.076  2.426  5.354  3.340  4.102  4.101  4.438  4.661 -1.960 -1.640  0.268  1.554 -1.767 -1.441 -0.366  1.744  1.632  3.537  0.708  1.579  1.654  1.090 -1.791 -1.574 -0.370  2.356  4.089  2.587  3.502  3.450 -2.017 -1.610 -0.489  1.567  1.572  1.729  2.543  2.322 -0.049 -1.810 -1.519 -0.421  2.073  2.848  3.550  3.720  3.509 -1.759 -1.442 -0.289  1.953  2.402  2.643  3.746  2.863 -1.907 -1.502 -0.103  2.143  1.029  2.025  1.480 -0.142 -1.771 -1.741 -1.180  1.430  3.862  3.045  1.330 -1.851 -1.425 -0.287  1.857  1.897  1.657  3.729  1.655  0.331 -1.945 -1.515 -0.425  1.781  2.172  1.916  2.645  1.032  4.026  0.168  0.155 -1.812 -1.501 -0.256  1.677  1.712 -0.182 -1.768 -1.485 -0.072  1.904  2.553 -0.243  2.423 -1.758 -1.497 -0.219  2.203  4.096  3.181  2.630 -1.829 -1.588 -0.601  1.870  2.211  4.986  2.888  4.994  0.789  4.980  3.211  4.282  3.610  4.291 -1.851 -1.587 -0.468  1.934  2.700  4.771  3.665  3.782  3.900  5.151  5.835  0.606 
  0-16  2.544  1.013  6.605  2.612  2.102  6.602  1.261  4.878  2.468  1.913  3.789  3.792  0.730  6.152  2.361  1.754  6.120  5.396  2.863  3.120  0.445  6.212  2.315  1.776  6.180  6.148  6.111  3.460  3.378  1.386  5.980  2.386  1.835  5.990  6.000  4.900  6.000  4.612  5.306  5.998  1.174  5.760  2.828  2.129  1.057  5.311  2.482  1.646  5.302  5.284  4.167  5.271  5.243  5.246  1.213  6.336  2.893  2.224  6.346  6.347  5.247  5.249  0.922  6.155  1.748  1.202  5.432  4.706  4.261  4.405  2.760  1.393  6.045  2.599  2.073  6.751  6.760  4.973  6.062  1.356  5.294  2.888  2.502  5.301  5.307  4.212  3.916  0.916  5.905  2.305  1.618  5.879  5.855  2.709  3.439  2.844  5.927  1.907  1.627  5.899  5.200  3.022  0.966  5.704  2.669  1.717  5.681  4.963  5.631  3.421  3.311  1.070  6.042  2.466  1.809  6.020  5.999  5.275  4.851  5.234  3.354  3.014  0.843  6.220  2.441  1.731  5.507  2.860  1.005  6.191  2.559  1.987  5.481  2.763  4.556  1.458  6.530  2.834  2.050  6.535  6.535  5.840  1.037  4.937  3.320  2.436  4.943  4.942  4.925  4.949  3.822  4.935  4.959  4.237  4.956  4.941  1.138  5.831  2.693  2.086  5.836  5.827  5.125  5.819  4.701  5.800  5.791  3.124 
  0-17  3.923  3.398  5.879  5.470  3.156  4.960  3.049  4.845  4.141  2.745  4.852  3.470  3.309  5.023  5.039  2.634  5.396  6.057  3.003  3.392  2.905  6.180  6.197  2.604  6.148  6.116  5.385  3.867  3.569  3.166  5.946  5.938  3.445  5.958  5.966  5.271  5.272  4.866  5.271  4.865  3.062  5.035  5.045  3.130  3.209  5.278  4.590  2.713  4.575  4.555  3.287  4.542  4.516  4.114  3.247  6.301  5.600  4.088  5.618  6.312  6.310  4.926  2.849  6.123  4.751  2.085  6.094  3.982  4.230  3.345  2.284  3.865  6.706  6.694  3.851  6.025  6.033  6.036  5.623  4.157  5.260  5.253  3.858  4.575  4.580  4.583  4.168  2.894  5.874  5.194  2.619  4.749  5.130  2.677  3.321  5.212  5.897  4.293  2.956  5.177  5.171  4.785  3.205  5.674  5.685  1.939  4.957  4.932  5.597  3.638  3.182  3.253  6.012  6.021  2.430  5.298  4.869  4.549  3.432  4.796  1.745  1.731  2.869  5.494  4.808  2.892  5.475  2.049  3.394  5.465  5.472  2.902  5.043  2.088  4.052  3.270  6.497  5.106  3.264  5.808  5.402  4.891  2.952  4.904  4.898  3.793  4.913  4.912  4.894  4.919  4.887  4.903  4.929  4.897  4.921  4.908  3.402  5.802  5.107  3.492  5.806  5.793  5.785  5.785  4.668  5.074  4.658  2.785 
  0-18  1.052  0.116  4.953  3.921  2.721  3.064  0.322  4.143  3.213  2.330  3.457  3.749 -0.096  3.404  3.644  2.133  2.863  3.003  0.983  1.203 -0.047  5.073  3.789  2.190  3.094  3.062  4.123  1.513  1.420  0.292  4.840  4.138  2.488  4.003  5.957  4.011  4.858  4.347  4.163  4.009 -0.420  3.045  3.427  2.357 -0.257  3.478  3.666  2.226  2.957  3.448 -0.424  1.296  0.859 -0.264  0.580  5.194  4.674  2.664  5.608  4.512  4.355  3.596 -0.367  4.508  3.239  1.790  2.996  2.687  2.253  1.206 -1.270  0.534  5.600  4.288  2.706  4.918  4.927  4.775  4.149  0.403  5.252  3.634  2.596  4.567  3.656  4.169  3.180 -0.677  3.921  3.170  1.978  2.439  3.250  0.878 -0.263  0.531  3.691  3.257  2.368  3.465  3.085  1.817 -0.093  4.280  4.291  1.820  2.647  2.481  3.191  0.894 -0.501 -0.404  3.807  3.447  1.945  2.154  2.028  1.408 -1.210  2.151 -1.155 -1.487 -0.679  4.571  3.620  2.190  1.790 -1.199 -0.578  4.357  3.959  2.221  2.107 -1.043  1.980  0.377  5.390  3.710  2.667  4.295  3.658  3.356  0.136  3.799  3.282  2.688  4.211  4.904  3.788  4.219  0.144  4.204  3.823  3.792  4.222  4.208  0.235  5.794  5.100  2.611  4.700  5.093  4.167  4.168  3.050  3.562  4.140 -0.995 
  0-19  1.243  0.778  4.243  4.596  2.489  3.046  0.565  3.718  4.805  2.600  3.727  2.631  0.561  4.488  4.322  2.344  3.120  3.392  1.203  1.029  0.671  5.463  4.786  2.120  3.350  3.451  3.751  1.542  1.170  0.849  5.228  4.525  3.070  4.139  5.938  5.938  4.552  4.145  4.144  4.548 -0.025  2.812  3.573  2.411  0.080  3.056  3.467  2.117  2.844  4.530 -0.680  0.948  0.801 -0.642  0.962  4.078  5.167  3.366  4.492  4.088  3.980  3.645  0.010  4.155  4.504  1.638  2.636  2.230  1.938  1.064 -1.452  0.903  5.293  5.058  3.130  3.984  4.754  3.929  4.209  1.039  5.235  5.226  2.914  3.633  2.683  3.302  3.042  0.015  4.464  4.477  2.115  2.423  3.161  0.921 -0.298  2.271  3.927  4.781  2.412  4.054  3.276  3.089  0.548  4.040  3.463  1.403  3.323  2.422  3.375  1.007 -0.111  0.073  4.603  4.611  2.139  2.970  2.576  1.676 -0.989  1.744 -1.156 -1.596  0.007  3.966  4.223  2.103  1.773 -1.030 -0.120  4.342  4.753  2.638  2.403 -0.778  2.136  0.723  5.085  5.366  2.989  4.171  4.681  3.528  0.748  4.882  4.874  2.669  3.503  4.887  4.175  4.893 -0.268  4.183  3.804  2.927  2.951  4.883  0.745  5.084  5.776  3.373  4.171  5.768  4.374  4.661  3.342  3.661  3.784 -1.284 
  0-20 -1.095 -1.980 -1.553 -1.580 -1.845  1.421 -1.489 -1.413 -1.454 -1.698  1.064  3.631 -1.914 -1.677 -1.693 -1.939  0.445  2.905 -0.047  0.671 -2.190 -1.786 -1.794 -2.047  0.884  3.226  4.718  1.711  1.782 -1.628 -1.454 -1.492 -1.721  1.355  4.508  5.424  5.424  5.423  5.424  5.422 -1.638 -1.536 -1.545 -1.712 -1.736 -1.364 -1.387 -1.749  1.441  3.802  1.658  3.001  4.275  3.429 -1.619 -1.454 -1.485 -1.760  2.004  4.181  2.588  4.876 -2.185 -1.791 -1.800 -2.212  1.000  3.561  4.152  4.249  4.549 -1.870 -1.510 -1.554 -1.795  1.687  5.542  5.140  5.537 -1.839 -1.510 -1.551 -1.808  1.527  3.364  4.060  3.831 -1.915 -1.526 -1.545 -1.843  0.780  3.538 -0.288  1.453 -1.486 -1.897 -1.921 -2.094  1.473  3.940  1.179 -2.095 -1.655 -1.661 -2.029  1.091  3.387  4.660  1.236  2.607 -2.007 -1.629 -1.639 -2.106  1.003  3.536  4.760  4.337  5.007  3.795  3.598 -1.679 -1.527 -1.578 -1.839  0.718  0.265 -1.640 -1.484 -1.536 -1.848  0.646  0.505  1.886 -1.535 -1.499 -1.523 -1.793  1.750  2.519  3.051 -1.737 -1.445 -1.474 -1.749  1.246  3.620  4.294  4.322  4.982  4.997  4.332  4.298  5.020  5.004 -1.628 -1.415 -1.443 -1.707  1.263  4.819  4.523  4.116  5.892  5.891  5.883  2.389 
  0-21 -0.654 -1.622  6.707 -1.576 -1.586  6.704 -1.373  4.984 -1.445 -1.458  4.994  4.303 -1.616  6.242 -1.679 -1.687  6.212  6.180  5.073  5.463 -1.786  6.401 -1.788 -1.797  6.371  6.342  4.922  4.350  4.675 -1.495  4.978 -1.483 -1.495  6.089  6.096  6.096  5.402  4.995  6.095  5.401 -1.530  6.517 -1.546 -1.550 -1.484  5.418 -1.379 -1.383  5.408  5.389  4.679  5.376  4.252  4.658 -1.538  6.451 -1.484 -1.494  6.461  5.770  6.459  5.770 -1.813  6.310 -1.794 -1.805  6.282  5.153  4.605  4.097  4.061 -1.564  6.887 -1.541 -1.552  6.900  6.908  6.218  6.210 -1.600  5.410 -1.540 -1.546  5.418  5.420  5.424  4.725 -1.747  5.967 -1.533 -1.543  5.942  5.917  4.520  4.513 -1.367  1.580 -1.911 -1.911  6.008  6.001 -1.108 -1.700  5.813 -1.664 -1.677  4.693  4.668  5.741  5.728  4.113 -1.641  5.505 -1.639 -1.645  6.178  5.463  5.434  5.010  4.987  3.592  3.983 -1.458  5.594 -1.543 -1.552  6.269  3.959 -1.501  6.261 -1.498 -1.505  5.553  5.543  6.235 -1.541  6.637 -1.525 -1.536  6.643  5.543  6.641 -1.615  3.596 -1.470 -1.472  4.988  4.985  4.966  4.993  4.960  4.976  5.004  4.970  4.999  4.981 -1.512  4.804 -1.437 -1.445  5.908  5.897  5.888  5.887  5.870  5.869  5.860  4.734 
  0-22 -0.576 -1.629 -1.607 -0.817 -0.630  3.586 -1.398 -1.350 -0.388 -0.310  3.067  4.323 -1.618 -1.620 -0.754 -0.786  2.315  6.197  3.789  4.786 -1.794 -1.788 -0.957 -0.827  2.749  4.972  5.631  4.703  4.692 -1.503 -1.468 -0.659 -0.470  4.314  6.115  5.421  6.115  5.014  6.114  6.111 -1.546 -1.520 -0.039 -0.141 -1.492 -1.472 -0.418 -0.426  3.027  4.716  4.005  5.395  3.984  3.986 -1.534 -1.512 -0.619 -0.506  5.092  5.788  5.784  5.096 -1.816 -1.815 -0.899 -0.782  2.772  5.169  4.845  4.401  3.448 -1.572 -1.538 -0.824 -0.693  4.972  6.234  6.236  5.131 -1.606 -1.579 -0.777 -0.628  4.336  4.746  4.749  4.050 -1.749 -1.744 -0.520 -0.501  1.603  4.836  3.726  3.613 -1.354 -1.359 -0.878 -0.984  5.330  5.324 -1.376 -1.704 -1.698 -0.850 -0.723  3.242  5.091  5.065  4.647  4.642 -1.645 -1.637 -0.817 -0.702  2.793  4.381  6.144  5.435  4.718  4.150  4.289 -1.467 -1.454 -0.582 -0.508  2.548  3.570 -1.504 -1.492 -0.569 -0.536  3.960  3.545  4.866 -1.536 -1.514 -0.527 -0.470  5.967  5.967  5.049 -1.623 -1.590 -0.741 -0.481  4.312  5.003  4.290  5.010  4.978  4.994  5.021  4.989  5.017  5.001 -1.519 -1.491 -0.487 -0.345  3.845  5.221  3.827  5.905  4.790  5.194  5.878  4.466 
  0-23 -0.579 -1.952 -1.619 -0.826  1.793  2.181 -1.663 -1.366 -0.112  1.716  2.294  2.608 -1.870 -1.628 -0.465  1.482  1.776  2.604  2.190  2.120 -2.047 -1.797 -0.827  1.428  2.010  1.956  4.236  2.693  2.996 -1.751 -1.480 -0.340  2.101  2.962  4.497  3.539  4.314  3.800  4.494  4.715 -1.813 -1.544  0.101  1.666 -1.798 -1.482 -0.224  1.961  2.122  3.319  0.594  1.647  1.622  1.203 -1.790 -1.522 -0.339  2.284  4.389  2.710  3.424  3.006 -2.211 -1.822 -0.737  1.357  1.828  1.628  2.314  2.144  0.120 -1.841 -1.547 -0.515  2.152  3.150  4.211  3.702  3.251 -1.841 -1.587 -0.565  2.004  2.717  2.596  3.354  2.861 -2.070 -1.753 -0.346  2.049  1.016  2.188  1.331 -0.021 -1.388 -1.308 -0.766  1.346  4.070  3.063  0.997 -2.050 -1.709 -0.695  1.732  2.190  1.633  4.141  1.825  0.434 -2.085 -1.648 -0.639  1.710  1.911  1.613  2.959  1.221  3.698  0.341  0.369 -1.763 -1.463 -0.243  1.752  1.661 -0.127 -1.795 -1.505 -0.140  1.968  3.075 -0.179  2.010 -1.785 -1.525 -0.206  1.989  4.253  3.013  2.346 -1.864 -1.600 -0.534  2.033  3.203  4.298  2.408  5.000  0.826  4.984  3.625  4.284  4.314  4.989 -1.782 -1.506 -0.245  1.972  2.870  3.826  3.124  3.123  3.933  4.267  4.259  1.003 
  0-24  2.897  1.482  6.673  3.492  2.472  5.976  1.575  4.949  2.991  2.157  4.956  4.264  0.927  6.211  2.489  1.863  6.180  6.148  3.094  3.350  0.884  6.371  2.749  2.010  6.340  6.310  5.176  3.624  3.853  1.906  6.042  3.325  2.530  6.053  6.060  6.059  5.365  4.959  6.057  5.362  1.356  5.384  3.128  2.483  1.366  5.383  3.597  2.492  5.370  5.351  4.236  5.337  4.620  4.216  1.679  6.415  3.633  2.844  6.424  5.326  5.037  5.327  0.922  6.280  2.996  1.680  6.250  4.833  4.794  4.062  2.705  1.537  6.853  3.705  2.628  6.863  6.179  5.775  6.174  1.328  5.377  3.171  2.529  5.382  4.691  5.386  4.281  1.066  5.935  2.812  2.276  5.909  5.883  2.471  2.974  2.544  6.003  2.319  2.114  5.976  5.275  3.502  1.143  5.782  3.594  2.229  5.759  4.635  5.012  3.496  3.741  1.176  6.167  3.179  2.125  6.145  6.122  4.704  4.973  4.258  3.335  3.541  1.362  6.255  3.169  2.111  5.542  3.009  1.337  6.228  2.801  2.120  5.518  3.429  4.003  1.741  6.602  3.652  2.781  6.606  4.814  5.505  1.509  4.949  3.559  2.741  4.956  4.951  4.932  4.958  4.232  4.941  4.970  4.934  4.963  4.946  1.708  5.870  3.303  2.685  5.873  5.862  5.854  5.853  5.142  4.736  5.825  4.186 
  0-25  3.587  3.811  6.640  5.945  2.519  5.249  3.811  4.915  4.903  2.258  4.228  3.823  2.981  6.180  4.250  1.986  6.148  6.116  3.062  3.451  3.226  6.342  4.972  1.956  6.310  4.333  4.450  3.235  2.923  3.923  6.010  6.002  2.950  5.327  6.026  4.927  5.332  5.330  5.330  4.923  3.463  6.449  4.852  2.673  3.973  5.351  5.356  2.459  5.338  5.317  4.202  4.610  3.889  3.668  3.240  6.383  4.988  2.359  5.697  5.697  5.290  4.598  3.225  6.251  4.877  1.144  5.527  4.803  4.358  3.339  2.413  4.418  6.822  5.425  2.554  6.831  6.145  5.454  5.446  3.260  5.344  5.337  2.558  4.656  5.351  4.252  3.552  3.029  5.904  5.224  1.978  5.876  5.158  2.662  2.697  4.370  5.282  4.881  2.680  5.946  4.330  4.571  4.670  5.753  4.664  1.398  5.036  5.009  4.979  4.051  3.016  3.512  5.445  5.048  1.534  5.421  5.396  3.979  3.737  4.071  2.753  2.701  3.292  5.124  5.130  2.292  4.593  1.512  3.430  6.196  5.106  1.923  6.179  1.423  3.865  3.788  5.875  5.870  2.495  6.572  5.184  4.960  3.304  4.920  4.915  2.712  4.925  4.919  4.206  4.924  3.284  4.907  4.936  4.902  4.235  4.912  3.890  5.838  5.837  3.125  5.841  5.830  5.821  4.720  5.802  4.701  5.097  2.395 
  0-26  4.377  4.662  5.506  5.909  4.195  4.807  4.871  4.875  4.865  3.759  4.881  4.190  4.218  6.144  6.161  3.756  6.111  5.385  4.123  3.751  4.718  4.922  5.631  4.236  5.176  4.450  4.260  3.250  3.186  4.867  5.974  5.965  5.266  5.983  5.989  5.294  5.987  4.885  5.292  5.290  5.035  6.412  5.731  3.856  4.630  5.314  5.318  3.521  5.301  5.277  5.259  4.568  4.540  3.626  5.239  5.653  5.644  4.943  5.659  5.253  4.964  4.403  4.628  4.608  4.843  3.449  4.577  4.544  3.717  2.941  1.419  5.394  6.787  6.776  5.668  6.102  6.108  5.704  5.696  3.918  4.614  4.608  4.195  5.311  4.620  3.925  3.223  5.192  5.869  5.882  4.082  5.840  5.813  3.606  2.905  5.945  5.247  5.253  4.152  5.220  4.519  4.537  4.636  5.026  5.728  3.928  5.692  4.279  4.941  3.224  3.536  4.509  5.411  6.112  4.026  4.981  4.669  3.624  3.438  3.417  1.401  1.569  4.815  4.578  4.585  4.108  4.556  2.467  5.069  6.159  6.168  4.372  5.447  3.297  4.050  4.914  5.839  5.427  4.725  5.434  5.145  4.920  3.492  4.885  4.189  4.874  4.196  4.884  4.864  4.888  4.857  4.871  4.207  4.866  3.284  3.779  4.703  5.805  5.803  3.719  5.807  5.794  4.686  5.782  4.377  4.153  3.961  2.115 
  0-27  1.590  1.328  4.983  4.192  2.916  3.409  1.391  3.762  4.852  3.233  3.478  3.077  1.239  4.340  4.763  2.454  3.460  3.867  1.513  1.542  1.711  4.350  4.703  2.693  3.624  3.235  3.250  1.528  1.296  1.691  3.882  4.566  3.546  5.278  5.976  3.672  4.366  3.773  3.775  4.024  0.535  2.662  3.369  2.671  0.868  3.915  3.921  3.355  2.889  4.571  0.026  1.693  0.789 -0.478  2.047  4.387  4.532  3.224  5.241  4.729  3.698  3.564  1.195  4.413  3.915  2.401  3.341  2.845  1.992  1.035 -1.215  1.798  5.389  4.817  3.457  4.838  4.843  3.570  3.605  1.509  4.603  5.289  2.715  3.913  3.690  2.996  2.652  0.774  5.164  4.772  2.817  2.996  4.417  1.303  0.104  2.990  3.849  4.143  2.407  3.336  3.004  2.917  1.269  4.097  4.329  2.935  3.195  3.574  3.225  1.375  0.084  1.135  4.705  4.154  2.596  3.360  2.999  1.510 -0.971  1.505 -1.164 -1.427  0.429  3.978  3.784  2.774  2.597 -0.479  0.182  4.538  4.363  2.717  3.237 -0.196  2.090  1.838  4.909  4.720  3.208  4.216  3.878  3.572  1.464  3.487  4.870  3.763  4.185  4.874  4.161  4.878 -0.177  4.861  3.504  3.064  2.582  3.480  1.408  5.100  5.792  3.388  4.408  5.088  3.825  3.691  2.755  3.265  3.343 -1.065 
  0-28  1.479  1.521  4.382  4.180  2.984  3.482  1.262  4.847  4.147  3.731  3.244  3.065  1.395  4.328  6.137  2.697  3.378  3.569  1.420  1.170  1.782  4.675  4.692  2.996  3.853  2.923  3.186  1.296  0.674  1.315  5.948  5.939  3.447  3.759  4.577  4.352  4.575  4.349  3.761  3.760  0.467  3.252  3.761  2.784  0.995  4.596  4.196  2.889  3.076  3.865 -0.241  1.343  0.814 -0.721  1.687  5.626  4.520  3.469  5.228  4.534  3.837  3.378  1.145  3.997  4.260  2.701  3.329  2.493  1.593  0.667 -1.452  1.661  5.663  5.141  3.649  4.825  5.390  4.069  3.936  1.121  4.184  4.584  2.965  3.899  3.678  2.888  2.508  0.743  4.459  4.066  2.714  3.109  3.843  1.225 -0.032  3.620  4.124  4.537  2.626  2.846  3.317  2.500  1.234  3.748  4.319  2.518  3.589  2.696  3.413  0.881 -0.359  1.052  4.135  4.990  2.823  2.921  2.505  1.116 -1.165  1.317 -1.233 -1.487  0.568  4.216  3.972  2.553  2.248 -0.539  0.802  4.526  5.044  2.583  3.071 -0.268  2.212  1.788  4.895  4.707  3.194  4.426  3.244  3.170  1.678  4.861  4.858  3.752  4.864  4.859  3.230  4.171 -0.279  4.154  3.777  2.645  2.791  3.467  1.530  5.781  4.681  2.684  3.837  5.076  4.149  3.455  3.099  2.965  3.425 -1.192 
  0-29 -0.848 -1.534 -1.348 -1.368 -1.730  1.749 -1.164 -1.265 -1.292 -1.719  1.314  3.654 -1.606 -1.623 -1.628 -1.873  1.386  3.166  0.292  0.849 -1.628 -1.495 -1.503 -1.751  1.906  3.923  4.867  1.691  1.315 -1.168 -1.115 -1.140 -1.730  1.640  4.303  4.814  4.814  5.219  5.219  5.219 -1.541 -1.469 -1.472 -1.770 -1.456 -1.462 -1.479 -1.771  1.642  4.083  2.031  3.561  4.452  3.201 -1.072 -1.124 -1.145 -1.653  2.072  5.086  3.409  4.577 -1.520 -1.415 -1.422 -1.676  1.624  4.102  5.849  5.806  4.665 -1.429 -1.155 -1.184 -1.721  1.995  6.619  5.929  4.670 -1.313 -1.103 -1.119 -1.644  1.691  3.401  3.587  3.581 -1.518 -1.468 -1.475 -1.737  1.584  3.414  0.074  2.008 -0.850 -1.475 -1.492 -1.704  2.103  4.662  1.364 -1.569 -1.484 -1.477 -1.762  1.955  4.819  4.388  1.158  2.376 -1.595 -1.554 -1.566 -1.832  1.745  4.207  5.786  5.072  5.741  5.038  5.020 -1.361 -1.437 -1.471 -1.757  1.255  0.524 -1.220 -1.466 -1.475 -1.770  1.163  0.934  2.645 -1.028 -1.275 -1.291 -1.758  2.432  3.067  3.654 -1.390 -1.240 -1.267 -1.729  1.481  2.869  4.797  4.131  4.795  4.813  4.142  4.810  4.833  4.820 -1.261 -1.291 -1.308 -1.787  1.451  3.391  3.894  4.586  5.669  5.669  5.661  1.946 
  0-30 -0.427 -1.256  4.817 -1.341 -1.353  6.422 -1.307  4.749 -1.266 -1.285  4.756  4.759 -1.557  6.015 -1.596 -1.607  5.980  5.946  4.840  5.228 -1.454  4.978 -1.468 -1.480  6.042  6.010  5.974  3.882  5.948 -1.115  5.899 -1.116 -1.130  5.913  5.228  5.228  5.228  5.228  5.228  5.227 -1.363  5.214 -1.448 -1.458 -1.373  4.523 -1.447 -1.456  5.206  5.191  4.482  5.178  4.055  4.057 -1.189  6.180 -1.124 -1.137  6.191  6.194  6.190  6.195 -1.488  5.972 -1.392 -1.407  5.936  5.900  5.858  5.813  4.161 -1.269  6.606 -1.158 -1.175  6.619  6.629  5.533  5.931 -1.153  5.188 -1.101 -1.120  5.198  5.203  5.207  4.101 -1.453  5.781 -1.445 -1.460  5.752  4.627  3.770  5.013 -1.392  1.618 -1.460 -1.462  5.777  5.769 -1.153 -1.418  4.878 -1.464 -1.477  5.546  5.520  5.495  3.536  4.377 -1.431  5.870 -1.537 -1.550  5.848  5.827  5.794  5.081  5.749  5.044  5.722 -1.500  5.411 -1.423 -1.432  6.085  4.467 -1.467  4.951 -1.449 -1.460  6.032  5.330  5.327 -1.234  5.268 -1.273 -1.284  5.679  5.678  6.369 -1.257  4.815 -1.239 -1.256  4.825  4.824  4.805  4.834  4.803  4.821  4.845  4.819  4.843  4.134 -1.270  5.009 -1.286 -1.293  5.709  5.701  5.694  5.694  5.679  5.677  5.671  4.257 
  0-31 -0.309 -1.285 -1.270 -0.466 -0.274  3.773 -1.335 -1.311  0.037  0.084  3.359  4.748 -1.583 -1.589 -0.574 -0.517  2.386  5.938  4.138  4.525 -1.492 -1.483 -0.659 -0.340  3.325  6.002  5.965  4.566  5.939 -1.140 -1.116  0.106  0.364  3.599  5.219  4.303  5.911  5.911  5.911  5.911 -1.396 -1.385 -0.067 -0.039 -1.399 -1.392 -0.296 -0.082  3.405  5.179  4.064  4.473  3.755  4.450 -1.204 -1.189  0.054  0.367  6.182  5.493  6.182  5.087 -1.530 -1.519 -0.476 -0.062  3.731  5.892  5.850  5.805  4.375 -1.293 -1.271 -0.188  0.144  4.307  6.620  5.929  6.615 -1.178 -1.156 -0.068  0.300  3.578  5.192  4.503  4.092 -1.490 -1.479 -0.388 -0.252  2.245  4.617  3.067  3.905 -1.403 -1.413 -0.387 -0.099  5.767  5.068 -1.424 -1.454 -1.442 -0.528 -0.209  3.341  5.512  5.485  3.862  5.464 -1.458 -1.456 -0.510 -0.202  3.440  4.718  5.091  5.071  5.738  5.035  5.018 -1.528 -1.525 -0.376 -0.184  2.983  3.669 -1.494 -1.486 -0.225 -0.135  4.230  3.712  4.911 -1.251 -1.237  0.039  0.311  4.753  5.262  5.668 -1.278 -1.258 -0.227 -0.063  4.122  4.816  4.795  4.825  4.793  4.811  4.143  4.807  4.831  4.817 -1.288 -1.275 -0.061  0.149  4.601  5.693  5.684  5.685  5.670  5.669  5.661  4.941 
  0-32 -0.397 -1.675 -1.283 -0.367  2.079  2.453 -1.828 -1.328  0.278  2.513  2.172  2.662 -1.782 -1.599 -0.282  2.076  1.835  3.445  2.488  3.070 -1.721 -1.495 -0.470  2.101  2.530  2.950  5.266  3.546  3.447 -1.730 -1.130  0.364  2.818  2.714  5.211  3.506  3.824  4.517  4.517  4.804 -1.735 -1.418  0.142  1.652 -1.775 -1.401 -0.102  1.863  1.931  3.784  0.702  1.826  2.044  1.397 -1.717 -1.200  0.122  2.747  4.229  2.846  3.467  3.288 -1.804 -1.528 -0.478  2.052  2.489  3.054  3.541  2.621  0.234 -1.784 -1.279 -0.235  2.149  2.915  4.311  3.782  3.431 -1.716 -1.166 -0.133  2.668  2.981  3.238  3.579  2.543 -1.755 -1.488 -0.193  1.918  1.657  2.936  1.423  0.002 -1.436 -1.349 -0.625  1.574  4.662  3.557  0.917 -1.743 -1.454 -0.420  2.064  2.274  2.286  3.867  1.679  0.326 -1.754 -1.466 -0.430  2.026  2.653  2.591  2.686  1.029  3.651  0.187  0.426 -1.782 -1.540 -0.146  1.926  1.988 -0.078 -1.731 -1.500  0.160  2.062  2.922 -0.023  2.535 -1.779 -1.244  0.144  2.839  4.156  3.058  2.640 -1.734 -1.266 -0.117  2.990  2.861  4.808  2.710  4.818  0.496  4.803  3.218  3.698  4.130  3.710 -1.830 -1.294  0.096  2.539  2.290  4.586  3.597  3.598  4.563  4.275  4.266  0.507 
