   0-0 -0.000 -0.961 -0.500 -0.464 -0.462  3.127 -0.881 -0.492 -0.355 -0.437  2.410  1.531 -1.020 -0.624 -0.496 -0.546  2.562  3.920  1.050  1.243 -1.089 -0.651 -0.574 -0.576  2.959  3.586  4.384  1.591  1.488 -0.846 -0.427 -0.310 -0.396  3.210  5.655  4.817  5.163  5.051  5.291  5.170 -0.961 -0.550 -0.328 -0.415 -0.927 -0.511 -0.382 -0.447  2.845  4.701  1.763  3.057  3.000  2.025 -0.829 -0.427 -0.313 -0.405  3.922  4.378  4.170  4.354 -1.086 -0.665 -0.565 -0.571  2.868  3.756  3.946  3.284  1.328 -0.916 -0.452 -0.385 -0.450  3.615  5.427  4.781  4.677 -0.885 -0.430 -0.373 -0.427  3.341  4.170  4.846  3.809 -1.011 -0.595 -0.445 -0.495  2.473  4.178  1.367  1.453 -0.753 -0.603 -0.600 -0.499  3.907  4.772 -0.168 -1.045 -0.600 -0.510 -0.538  2.992  3.673  4.749  1.765  1.624 -1.014 -0.582 -0.493 -0.514  2.941  3.824  3.834  1.892  4.006  1.371  1.354 -0.938 -0.558 -0.427 -0.479  2.492  0.986 -0.901 -0.537 -0.381 -0.469  2.756  1.056  3.365 -0.814 -0.440 -0.299 -0.402  3.860  3.996  3.950 -0.859 -0.434 -0.338 -0.410  3.354  5.101  4.367  5.639  1.946  5.451  5.166  5.068  5.084  5.283 -0.872 -0.461 -0.328 -0.418  3.212  5.501  4.803  4.864  4.807  4.869  5.285  1.390 
   0-1 -0.961 -1.866 -1.460 -1.478 -1.892  1.793 -1.507 -1.252 -1.291 -1.692  1.605  4.349 -1.727 -1.524 -1.537 -1.888  1.035  3.366  0.113  0.796 -1.993 -1.632 -1.640 -1.958  1.497  3.770  4.352  1.289  1.504 -1.527 -1.243 -1.269 -1.649  1.762  4.507  4.507  6.117  5.424  5.018  5.424 -1.544 -1.325 -1.324 -1.630 -1.522 -1.279 -1.281 -1.605  1.825  4.752  1.440  3.488  4.714  3.464 -1.538 -1.386 -1.409 -1.766  2.289  4.704  2.881  4.418 -1.932 -1.631 -1.630 -1.868  1.538  3.978  4.343  4.995  4.667 -1.787 -1.370 -1.404 -1.779  1.941  5.589  5.879  5.025 -1.771 -1.375 -1.409 -1.771  1.527  3.692  5.488  4.096 -1.728 -1.472 -1.479 -1.770  1.094  3.575  0.190  1.965 -0.879 -1.475 -1.484 -1.782  2.146  4.973  0.883 -1.921 -1.587 -1.593 -1.895  1.413  3.920  5.147  1.244  2.988 -1.795 -1.436 -1.449 -1.782  1.481  4.566  5.044  5.026  5.002  4.145  4.129 -1.540 -1.397 -1.419 -1.749  1.028  0.663 -1.442 -1.385 -1.413 -1.720  0.864  1.031  2.596 -1.418 -1.320 -1.344 -1.745  2.033  3.131  3.796 -1.628 -1.245 -1.267 -1.659  1.620  3.445  4.342  3.675  5.032  5.048  3.975  5.045  5.071  5.055 -1.497 -1.298 -1.327 -1.695  1.863  3.837  5.213  5.908  5.890  5.892  5.882  2.027 
   0-2 -0.500 -1.460  5.796 -1.466 -1.479  6.197 -1.424  4.330 -1.270 -1.293  5.032  5.036 -1.487  5.625 -1.510 -1.520  6.285  5.559  4.634  4.281 -1.566  6.397 -1.617 -1.627  6.363  6.332  5.197  4.897  4.191 -1.349  4.991 -1.258 -1.268  6.102  6.111  6.110  6.111  6.111  5.418  6.110 -1.414  5.279 -1.317 -1.327 -1.340  5.468 -1.276 -1.288  5.459  5.441  5.422  5.428  4.708  4.709 -1.346  6.480 -1.398 -1.410  5.796  6.492  5.102  5.800 -1.552  6.241 -1.617 -1.630  6.210  6.173  6.133  6.090  4.951 -1.422  6.949 -1.386 -1.400  6.961  6.970  5.363  5.579 -1.437  5.466 -1.386 -1.398  5.473  5.477  5.483  4.088 -1.419  6.022 -1.462 -1.476  5.993  5.275  4.011  4.563 -1.355  1.960 -1.473 -1.474  6.073  6.066 -1.108 -1.494  5.218 -1.580 -1.587  5.888  5.862  5.836  4.033  4.207 -1.492  6.218 -1.432 -1.440  6.196  6.171  5.446  5.427  4.997  4.140  3.991 -1.394  5.277 -1.396 -1.405  6.356  5.655 -1.351  6.380 -1.384 -1.393  6.364  4.275  5.659 -1.323  6.039 -1.330 -1.344  6.738  6.737  6.736 -1.391  5.041 -1.257 -1.267  5.049  5.046  5.028  5.056  5.024  5.041  5.068  5.039  5.063  5.050 -1.334  5.221 -1.307 -1.321  5.919  5.910  5.902  5.209  5.884  5.884  5.875  4.463 
   0-3 -0.464 -1.478 -1.466 -0.691 -0.658  3.224 -1.445 -1.420 -0.362 -0.298  3.933  5.035 -1.516 -1.511 -0.494 -0.647  2.544  5.151  3.756  4.432 -1.591 -1.588 -0.847 -0.843  3.721  5.636  5.601  4.084  3.967 -1.367 -1.341 -0.460 -0.364  3.327  6.109  6.109  6.110  5.416  5.416  5.415 -1.446 -1.429 -0.030 -0.239 -1.362 -1.349 -0.364 -0.362  2.972  5.439  4.321  4.731  4.298  4.708 -1.356 -1.338 -0.595 -0.596  5.794  5.797  5.794  5.105 -1.577 -1.573 -0.785 -0.771  3.030  5.481  5.441  6.092  4.106 -1.439 -1.415 -0.715 -0.694  4.658  6.277  6.279  6.272 -1.457 -1.434 -0.664 -0.685  3.861  4.783  5.481  5.475 -1.443 -1.437 -0.421 -0.548  2.353  4.579  3.652  3.549 -1.358 -1.365 -0.752 -0.662  6.070  6.064 -1.381 -1.520 -1.509 -0.781 -0.855  3.489  5.168  5.141  4.725  4.428 -1.514 -1.507 -0.673 -0.610  3.555  4.784  5.041  5.022  4.709  4.700  4.684 -1.412 -1.410 -0.399 -0.483  3.134  4.400 -1.371 -1.363 -0.430 -0.585  4.570  3.518  6.349 -1.333 -1.316 -0.502 -0.456  6.043  6.735  5.349 -1.407 -1.386 -0.668 -0.521  5.046  5.045  4.333  5.055  4.330  5.041  5.067  5.036  5.062  5.047 -1.358 -1.334 -0.472 -0.362  3.970  5.909  5.207  5.900  5.883  5.883  5.875  4.056 
   0-4 -0.462 -1.892 -1.479 -0.658  1.908  2.204 -1.807 -1.437 -0.256  1.898  2.454  3.230 -1.752 -1.522 -0.204  2.082  2.051  3.148  2.704  2.429 -1.857 -1.598 -0.659  1.742  2.614  2.537  3.982  2.975  2.963 -1.728 -1.353 -0.297  2.169  2.562  4.306  3.533  3.326  5.000  4.488  4.017 -1.807 -1.453  0.206  1.937 -1.698 -1.361 -0.137  2.160  2.309  4.039  0.907  2.367  1.720  1.136 -1.760 -1.349 -0.258  2.278  4.868  2.630  3.341  3.437 -1.873 -1.580 -0.598  1.741  2.141  2.430  2.908  2.446  0.300 -1.836 -1.425 -0.433  2.182  3.168  4.070  3.744  3.554 -1.794 -1.446 -0.395  2.071  2.465  2.632  4.370  2.824 -1.739 -1.448 -0.081  1.954  1.791  2.911  1.918  0.137 -1.382 -1.331 -0.803  1.207  4.675  3.570  1.305 -1.815 -1.524 -0.524  1.953  2.620  2.520  3.523  2.202  0.292 -1.845 -1.518 -0.515  1.879  2.496  2.550  2.871  1.060  3.377  0.242  0.439 -1.678 -1.424 -0.150  2.017  2.108 -0.063 -1.618 -1.377  0.161  2.132  2.883 -0.115  2.553 -1.698 -1.328 -0.148  2.093  4.328  3.393  2.793 -1.753 -1.399 -0.414  2.243  3.244  3.934  2.935  5.042  0.630  4.335  5.054  4.330  4.357  5.034 -1.769 -1.345 -0.248  2.203  3.015  5.204  3.324  3.325  5.179  4.263  5.863  0.643 
   0-5  3.127  1.793  6.197  3.224  2.204  5.274  1.579  5.016  3.060  2.107  5.025  5.030  1.386  6.315  3.197  2.214  6.281  4.640  3.022  3.178  1.457  6.394  3.415  2.245  6.359  5.228  4.680  3.444  3.430  1.744  6.084  3.436  2.429  6.095  6.104  6.103  6.103  6.103  5.003  6.102  1.518  5.968  3.415  2.376  1.708  5.464  3.522  2.691  5.453  5.435  4.723  5.421  5.395  4.011  1.900  6.474  3.330  2.315  6.482  5.790  5.095  5.098  1.522  6.237  3.255  2.350  6.203  6.167  5.432  5.388  4.249  1.925  6.250  3.529  2.432  6.953  5.863  5.019  5.570  1.466  4.767  3.842  2.610  5.467  5.471  4.377  3.676  1.615  5.325  3.465  2.333  5.990  4.865  2.620  3.459  3.112  6.100  2.811  2.173  6.068  6.061  3.685  1.746  5.906  3.432  2.508  5.882  5.163  5.136  3.331  3.324  1.761  6.214  3.388  2.408  5.092  4.375  4.522  3.810  4.296  3.776  3.577  1.589  6.371  3.045  2.067  5.252  3.453  1.623  6.376  3.204  2.298  6.359  3.516  4.961  1.955  6.725  3.676  2.636  6.037  4.938  4.783  1.983  5.034  4.335  2.824  5.043  5.041  4.330  5.049  3.919  5.035  5.060  5.030  5.056  5.042  1.715  5.908  3.708  2.466  5.219  5.903  5.895  5.895  5.184  4.779  5.869  3.444 
   0-6 -0.881 -1.507 -1.424 -1.445 -1.807  1.579 -0.952 -1.072 -1.105 -1.668  1.550  2.091 -1.468 -1.522 -1.532 -1.804  1.190  3.139  0.268  0.914 -1.411 -1.348 -1.371 -1.649  1.855  3.495  4.557  1.451  1.353 -1.156 -1.320 -1.351 -1.855  1.292  4.436  3.743  4.437  4.434  4.434  4.433 -1.640 -1.526 -1.517 -1.802 -1.696 -1.494 -1.499 -1.809  1.553  3.840  1.427  3.824  3.805  3.108 -1.111 -1.354 -1.373 -1.807  2.104  3.644  2.103  4.049 -1.414 -1.462 -1.475 -1.765  1.692  3.392  4.447  4.401  4.356 -1.411 -1.309 -1.339 -1.822  2.023  5.210  4.112  5.204 -1.183 -1.146 -1.176 -1.664  1.692  3.083  3.085  3.773 -1.514 -1.452 -1.471 -1.764  1.572  2.932  0.133  1.902 -0.449 -1.346 -1.347 -1.559  1.790  4.423  1.674 -1.625 -1.464 -1.475 -1.692  1.140  3.464  4.128  1.071  2.030 -1.508 -1.510 -1.516 -1.802  1.585  3.757  4.416  4.399  4.374  3.672  3.654 -1.443 -1.532 -1.545 -1.830  1.141  0.469 -1.270 -1.542 -1.550 -1.848  0.866  1.001  2.867 -1.059 -1.380 -1.388 -1.807  1.745  2.323  3.864 -1.174 -1.350 -1.384 -1.767  1.446  3.388  3.372  3.400  3.371  3.388  3.412  3.384  3.409  3.395 -1.221 -1.470 -1.486 -1.904  1.116  3.554  3.546  3.547  4.224  4.223  4.217  1.551 
   0-7 -0.492 -1.252  4.330 -1.420 -1.437  5.016 -1.072  4.030 -1.079 -1.104  3.343  2.940 -1.432  4.597 -1.498 -1.516  4.561  4.528  3.827  3.807 -1.401  4.668 -1.328 -1.340  4.635  4.600  4.561  3.448  4.532 -1.289  4.422 -1.325 -1.339  4.433  4.443  4.439  4.440  4.438  4.439  4.438 -1.509  4.932 -1.506 -1.514 -1.753  3.868 -1.487 -1.494  3.859  3.842  3.826  3.828  3.809  3.807 -1.307  4.738 -1.356 -1.381  4.748  4.749  4.744  4.747 -1.416  4.567 -1.442 -1.460  4.533  4.496  4.451  4.406  3.671 -1.287  5.195 -1.318 -1.334  5.205  5.214  5.216  5.208 -1.146  3.774 -1.150 -1.172  3.779  3.781  3.783  3.777 -1.413  3.685 -1.433 -1.447  3.656  3.628  3.619  2.917 -1.724  2.269 -1.333 -1.343  4.431  4.427 -1.616 -1.585  4.217 -1.451 -1.465  4.188  4.159  4.129  4.117  4.112 -1.600  4.502 -1.499 -1.512  4.478  4.450  4.419  4.399  4.375  4.367  3.250 -1.545  4.751 -1.523 -1.534  4.730  4.724 -1.438  4.000 -1.531 -1.549  4.675  3.973  4.661 -1.227  4.962 -1.383 -1.403  4.967  4.964  4.271 -1.149  3.383 -1.351 -1.356  3.395  3.395  3.377  3.407  3.373  3.389  3.416  3.384  3.412  3.396 -1.305  4.252 -1.468 -1.483  4.257  4.250  4.244  4.243  4.228  4.225  4.219  3.095 
   0-8 -0.355 -1.291 -1.270 -0.362 -0.256  3.060 -1.105 -1.079  0.513  0.477  2.640  2.928 -1.480 -1.465 -0.209 -0.048  2.151  3.824  3.407  4.487 -1.439 -1.435 -0.356 -0.035  3.012  4.587  4.550  4.537  3.833 -1.309 -1.290  0.006  0.281  3.326  4.431  3.739  4.430  4.430  4.429  4.428 -1.540 -1.533 -0.052 -0.112 -1.778 -1.772 -0.375  0.115  2.241  3.834  3.817  3.819  3.797  3.800 -1.321 -1.310 -0.134 -0.018  4.738  4.740  4.737  4.046 -1.455 -1.448 -0.341 -0.015  3.137  4.487  4.441  4.398  4.353 -1.311 -1.290 -0.398 -0.149  4.097  5.204  5.206  5.199 -1.183 -1.151  0.039  0.164  3.073  3.770  3.772  3.765 -1.447 -1.444 -0.243  0.151  2.727  3.618  2.914  2.904 -1.736 -1.744 -0.608 -0.033  4.420  3.721 -1.762 -1.631 -1.614 -0.459 -0.099  2.387  4.151  4.121  3.416  4.102 -1.625 -1.625 -0.589 -0.221  2.857  3.747  4.406  3.693  4.361  4.354  4.335 -1.579 -1.572 -0.248 -0.068  2.153  3.613 -1.461 -1.458 -0.088 -0.087  3.053  2.710  4.649 -1.253 -1.232 -0.033  0.045  4.955  4.952  4.954 -1.170 -1.149 -0.270  0.026  3.383  3.383  3.363  3.394  3.361  3.378  3.403  3.369  3.399  3.380 -1.321 -1.310 -0.066  0.105  2.863  4.244  3.542  3.540  4.220  3.524  4.211  3.490 
   0-9 -0.437 -1.692 -1.293 -0.298  1.898  2.107 -1.668 -1.104  0.477  1.429  1.821  1.718 -1.730 -1.477 -0.162  1.874  1.767  2.426  2.195  2.532 -1.690 -1.453 -0.289  1.884  2.048  2.383  3.444  3.429  3.416 -1.728 -1.310  0.100  2.304  2.468  3.729  4.423  4.421  4.421  3.727  3.726 -1.956 -1.573  0.062  1.449 -2.119 -1.781 -0.352  2.748  1.643  3.133  0.631  1.508  1.147  1.304 -1.714 -1.321  0.076  2.623  4.035  2.785  3.117  2.651 -1.755 -1.463 -0.291  2.155  2.212  3.380  3.741  2.596  0.413 -1.755 -1.301 -0.150  2.062  3.802  4.503  3.588  3.582 -1.636 -1.166 -0.018  2.350  2.371  2.661  3.765  3.063 -1.723 -1.464 -0.159  1.723  1.620  4.302  1.583 -0.035 -1.760 -1.728 -1.041  1.116  4.412  3.306  1.132 -1.852 -1.631 -0.411  2.405  2.091  3.045  4.112  1.903  0.181 -1.880 -1.632 -0.515  1.996  2.378  2.485  2.788  0.793  3.252  0.155  0.453 -1.846 -1.590 -0.265  2.017  1.617  0.202 -1.702 -1.472  0.157  2.277  2.863 -0.017  2.850 -1.667 -1.243  0.309  2.289  4.944  3.152  2.459 -1.560 -1.158  0.264  1.962  1.987  3.375  2.661  3.385  0.357  3.369  2.698  2.670  3.386  3.371 -1.762 -1.316  0.087  1.740  2.450  4.235  4.227  2.434  3.517  3.517  4.202  0.591 
  0-10  2.410  1.605  5.032  3.933  2.454  5.025  1.550  3.343  2.640  1.821  2.942 -2.063  0.819  4.605  2.227  1.572  3.472  4.535  3.835  3.815  1.090  4.677  2.906  2.289  4.640  3.913  4.566  3.166  2.931  1.376  4.430  3.320  2.108  4.440  4.449  4.450  4.447  4.447  4.444  4.447  1.145  4.942  2.759  1.857  0.627  3.873  3.877  2.483  3.863  3.849  3.140  3.835  2.715  3.813  1.240  4.746  3.639  2.245  4.754  4.755  4.058  4.754  1.262  4.574  3.205  2.382  4.538  4.502  4.458  4.411  3.675  1.457  5.201  3.580  2.289  5.212  5.219  5.220  4.520  1.578  3.781  2.386  1.972  3.787  3.791  3.096  3.786  1.359  4.387  3.016  2.198  3.663  3.637  2.933  2.519  2.693  4.473  2.535  1.768  4.439  4.433  3.765  1.191  4.221  2.442  2.025  4.194  4.164  4.135  3.430  4.116  0.911  4.509  3.417  2.205  4.484  3.764  3.731  3.710  4.380  2.986  4.355  1.012  4.759  2.973  1.761  4.046  4.040  1.246  4.704  2.513  1.814  4.684  2.885  3.976  1.434  4.968  3.863  2.247  4.973  4.277  4.971  0.903  3.395  3.383  1.990  3.403  3.402  3.384  3.406  3.379  3.392  3.422  3.391  3.416  3.401  1.311  4.259  3.156  2.307  4.266  4.257  4.247  4.250  4.234  4.235  4.228  3.508 
  0-11  1.531  4.349  5.036  5.035  3.230  5.030  2.091  2.940  2.928  1.718 -2.063 -3.778  3.245  3.511  4.629  3.010  3.475  3.440  3.434  3.413  3.604  4.681  4.701  2.745  4.642  3.509  3.876  2.763  3.444  4.424  4.431  4.422  2.623  4.442  4.452  4.453  3.757  3.354  4.449  3.349  3.010  4.254  4.266  2.650  3.887  3.877  3.880  3.871  3.176  3.854  2.229  3.839  2.430  1.512  3.641  4.748  4.741  2.941  4.757  4.757  4.061  3.658  2.806  4.577  4.591  3.196  3.849  4.504  4.458  3.720  2.288  4.100  5.205  5.193  2.698  5.214  5.221  4.124  4.523  3.088  3.786  3.777  3.074  3.791  3.792  3.102  2.403  2.799  4.392  4.405  3.012  3.670  4.337  2.379  2.930  4.488  4.478  4.485  3.789  4.443  4.436  4.463  3.547  4.223  3.540  2.836  4.199  4.170  4.138  2.740  2.328  4.525  4.510  4.518  3.123  4.488  3.362  3.041  3.308  3.286  2.991  2.569  3.679  4.764  4.769  2.682  4.049  2.338  3.618  4.707  4.715  2.630  4.691  2.603  4.675  4.269  4.968  4.963  3.010  3.874  3.363  3.875  3.389  3.399  3.392  2.694  3.413  3.407  3.388  3.416  2.283  3.400  3.424  3.397  3.422  3.408  4.257  4.261  3.159  2.869  4.269  4.261  4.253  4.255  3.138  4.239  4.230  3.512 
  0-12 -1.020 -1.727 -1.487 -1.516 -1.752  1.386 -1.468 -1.432 -1.480 -1.730  0.819  3.245 -1.705 -1.511 -1.536 -1.833  0.655  3.046 -0.158  0.574 -1.919 -1.618 -1.623 -1.869  0.972  2.938  3.899  1.248  1.587 -1.600 -1.563 -1.587 -1.781  1.367  4.336  4.336  5.028  4.623  5.028  5.028 -1.726 -1.540 -1.555 -1.738 -1.572 -1.364 -1.402 -1.761  1.338  3.910  1.255  2.288  4.278  3.875 -1.520 -1.534 -1.558 -1.764  1.646  3.777  2.225  4.982 -1.886 -1.665 -1.672 -2.116  0.970  3.182  3.837  4.135  3.143 -1.674 -1.502 -1.540 -1.751  1.938  4.423  4.713  5.110 -1.606 -1.480 -1.513 -1.704  1.498  3.645  4.341  3.929 -1.672 -1.454 -1.481 -1.853  0.827  3.626 -0.231  1.396 -1.253 -1.751 -1.777 -1.930  1.909  4.924  1.431 -1.702 -1.485 -1.496 -1.973  1.164  3.458  4.685  0.522  1.926 -1.782 -1.572 -1.579 -1.963  0.966  4.132  5.019  5.692  5.669  4.051  3.853 -1.599 -1.539 -1.576 -1.828  0.600  0.037 -1.550 -1.493 -1.521 -1.817  0.452  0.270  1.913 -1.413 -1.496 -1.516 -1.747  1.553  2.443  3.179 -1.674 -1.518 -1.535 -1.748  1.570  3.561  3.949  3.977  4.640  4.655  4.681  4.651  4.676  4.664 -1.640 -1.551 -1.575 -1.760  1.452  3.931  4.145  4.839  4.821  4.129  5.507  1.420 
  0-13 -0.624 -1.524  5.625 -1.511 -1.522  6.315 -1.522  4.597 -1.465 -1.477  4.605  3.511 -1.511  4.249 -1.516 -1.524  5.828  4.699  3.304  4.387 -1.687  5.925 -1.622 -1.630  5.894  5.861  5.826  4.203  4.191 -1.603  5.678 -1.595 -1.606  5.690  5.699  5.699  5.698  5.005  5.006  5.005 -1.633  5.051 -1.551 -1.558 -1.462  4.320 -1.381 -1.386  5.006  4.986  4.968  4.281  4.946  4.949 -1.592  6.045 -1.566 -1.575  6.055  6.058  6.055  4.960 -1.607  5.865 -1.671 -1.682  5.836  4.705  4.156  4.340  3.898 -1.511  6.456 -1.536 -1.547  6.471  5.787  5.790  6.475 -1.456  4.994 -1.510 -1.514  5.003  5.008  5.013  4.313 -1.494  4.909 -1.463 -1.471  5.577  5.551  4.443  4.842 -1.754  1.941 -1.765 -1.766  5.603  5.596 -1.607 -1.413  5.430 -1.494 -1.503  4.715  5.383  5.358  4.247  4.647 -1.488  5.070 -1.584 -1.594  5.743  5.721  5.691  5.673  5.649  4.947  4.239 -1.475  5.920 -1.556 -1.563  5.901  4.794 -1.493  4.808 -1.510 -1.514  5.890  4.270  5.187 -1.512  6.244 -1.523 -1.534  6.251  5.557  5.557 -1.604  3.940 -1.546 -1.554  4.641  4.637  4.621  4.647  4.618  4.634  4.660  4.628  4.655  4.640 -1.597  5.522 -1.573 -1.580  5.526  5.518  5.509  5.511  5.493  5.493  5.484  4.359 
  0-14 -0.496 -1.537 -1.510 -0.494 -0.204  3.197 -1.532 -1.498 -0.209 -0.162  2.227  4.629 -1.536 -1.516 -0.318 -0.296  2.233  4.715  3.407  4.180 -1.704 -1.690 -0.724 -0.470  2.651  3.933  5.843  4.732  5.819 -1.612 -1.578 -0.566 -0.282  3.510  5.718  5.718  5.718  5.026  5.718  5.718 -1.643 -1.625  0.052 -0.126 -1.494 -1.451 -0.390 -0.284  2.537  5.002  4.987  4.298  4.967  4.971 -1.591 -1.565 -0.538 -0.363  4.974  5.382  5.379  4.467 -1.636 -1.609 -0.530 -0.440  2.325  3.874  5.090  5.743  3.913 -1.518 -1.485 -0.606 -0.513  3.848  5.399  5.402  6.492 -1.465 -1.430 -0.581 -0.478  3.922  5.026  5.031  4.331 -1.534 -1.495 -0.108 -0.150  1.514  4.182  4.865  3.354 -1.738 -1.746 -0.510 -0.356  4.924  4.919 -1.759 -1.439 -1.411 -0.438 -0.360  2.652  4.302  5.374  3.977  4.663 -1.521 -1.485 -0.425 -0.404  3.275  5.044  5.708  5.689  5.666  5.658  4.949 -1.519 -1.471 -0.362 -0.272  2.661  3.272 -1.504 -1.484 -0.378 -0.309  3.422  3.500  4.798 -1.514 -1.485 -0.377 -0.260  5.575  6.268  5.574 -1.615 -1.580 -0.543 -0.323  2.460  3.963  3.944  4.663  4.635  4.652  3.982  4.648  4.671  4.658 -1.604 -1.576 -0.517 -0.319  3.345  5.535  4.427  5.526  5.511  5.509  5.502  4.782 
  0-15 -0.546 -1.888 -1.520 -0.647  2.082  2.214 -1.804 -1.516 -0.048  1.874  1.572  3.010 -1.833 -1.524 -0.296  2.027  1.694  2.510  2.134  2.255 -1.942 -1.697 -0.790  1.478  2.074  1.982  4.044  2.646  2.817 -1.867 -1.588 -0.500  2.174  2.441  5.710  3.765  3.918  4.101  4.324  4.612 -1.948 -1.647  0.268  1.560 -1.783 -1.463 -0.415  1.931  1.611  3.608  0.635  1.550  1.780  1.089 -1.787 -1.574 -0.375  2.348  3.986  2.667  3.580  3.235 -2.021 -1.619 -0.523  1.513  1.598  1.672  2.482  2.273 -0.045 -1.793 -1.493 -0.396  2.051  2.985  3.495  3.721  3.542 -1.764 -1.441 -0.289  2.153  2.448  2.453  3.922  3.221 -1.907 -1.508 -0.119  2.090  1.021  2.007  1.425 -0.129 -1.761 -1.727 -1.154  1.532  3.665  3.526  1.320 -1.853 -1.417 -0.261  1.806  1.757  1.588  3.759  1.720  0.315 -1.928 -1.495 -0.354  1.805  2.320  2.019  2.611  1.049  4.050  0.187  0.265 -1.797 -1.483 -0.252  1.739  1.833 -0.183 -1.773 -1.496 -0.068  1.929  2.567 -0.243  2.424 -1.752 -1.492 -0.208  2.307  4.181  3.428  2.596 -1.827 -1.590 -0.567  1.854  2.083  4.650  3.023  4.657  0.844  4.644  2.875  4.639  3.275  4.648 -1.849 -1.587 -0.458  1.969  2.645  4.429  3.909  3.909  4.116  4.808  5.492  0.561 
  0-16  2.562  1.035  6.285  2.544  2.051  6.281  1.190  4.561  2.151  1.767  3.472  3.475  0.655  5.828  2.233  1.694  5.795  5.072  2.985  3.256  0.439  5.895  2.299  1.824  5.861  5.830  5.792  3.382  3.687  1.507  5.642  2.337  1.797  5.653  5.663  4.969  5.662  4.969  4.968  5.661  1.170  5.423  2.796  2.097  0.926  4.978  2.419  1.612  4.970  4.950  3.833  4.936  4.908  4.911  1.179  6.010  2.822  2.207  6.021  6.022  4.922  6.022  0.987  5.836  1.805  1.223  5.112  4.674  4.348  4.308  2.950  1.465  5.728  2.516  2.056  6.434  6.443  4.838  6.438  1.553  4.960  3.343  2.997  4.967  4.973  4.976  4.275  0.972  5.572  2.325  1.704  5.546  5.521  2.803  3.711  2.898  5.598  1.890  1.596  5.570  5.563  2.875  1.007  5.398  2.700  1.638  5.376  4.658  5.324  3.702  3.227  1.072  5.733  2.695  2.045  5.710  5.688  5.658  4.945  5.616  3.528  3.194  0.938  5.888  2.338  1.713  5.174  2.969  0.984  5.874  2.585  1.963  5.163  2.667  4.237  1.596  6.210  2.677  1.947  6.215  6.215  5.520  1.127  4.602  3.207  2.640  4.609  4.607  4.589  4.614  3.486  4.599  4.625  3.902  4.621  4.605  1.142  5.488  2.847  2.262  5.492  5.484  4.781  5.475  4.763  5.457  5.448  2.855 
  0-17  3.920  3.366  5.559  5.151  3.148  4.640  3.139  4.528  3.824  2.426  4.535  3.440  3.046  4.699  4.715  2.510  5.072  5.734  2.891  3.223  2.993  5.863  5.879  2.539  5.829  5.798  5.759  3.665  3.432  3.118  5.609  5.602  3.647  5.621  5.630  5.628  4.935  4.531  4.935  4.529  3.002  5.391  4.709  3.045  3.347  4.946  4.259  2.866  4.242  4.222  3.289  4.209  4.181  4.185  3.022  5.976  5.968  4.350  5.293  5.988  5.986  4.602  2.781  5.805  4.432  2.198  5.776  4.134  4.317  3.362  2.161  3.897  6.389  6.377  3.802  5.708  6.410  5.720  5.306  3.822  4.927  4.920  3.526  4.935  4.940  4.943  4.240  2.850  5.542  4.861  2.772  4.822  5.490  2.534  3.169  5.576  5.568  3.964  2.801  5.541  4.842  4.862  3.081  5.367  5.379  1.815  4.650  5.318  5.290  3.890  3.193  3.232  5.703  5.711  2.708  4.988  4.964  4.525  3.659  4.483  1.643  1.873  3.036  5.162  4.764  2.912  5.141  2.065  3.285  5.149  5.156  2.954  4.725  2.006  4.023  3.396  6.178  4.786  3.455  5.489  5.488  4.795  2.954  4.570  4.563  3.458  4.578  4.579  4.558  4.585  4.551  4.567  4.596  4.560  4.588  4.574  3.378  5.458  4.764  3.506  5.463  5.450  5.442  5.442  4.731  4.731  4.721  2.902 
  0-18  1.050  0.113  4.634  3.756  2.704  3.022  0.268  3.827  3.407  2.195  3.835  3.434 -0.158  3.304  3.407  2.134  2.985  2.891  1.274  1.201 -0.031  4.467  3.923  2.224  2.875  3.015  3.957  1.473  1.355  0.331  5.602  3.984  2.494  4.514  5.621  3.676  5.621  4.011  3.827  3.827 -0.434  2.940  3.195  2.208 -0.256  3.840  3.333  2.299  2.730  3.116 -0.350  1.206  0.791 -0.289  0.635  5.274  5.958  2.731  5.283  4.188  4.878  3.494 -0.351  4.413  3.172  1.995  2.996  2.645  2.261  1.158 -1.284  0.545  5.688  4.066  2.803  5.700  4.792  4.612  3.999  0.338  4.225  3.302  2.337  4.234  3.833  4.241  3.316 -0.712  4.436  2.981  1.954  2.416  3.178  0.949 -0.269  0.544  3.768  3.370  2.347  3.453  3.225  1.860 -0.122  4.261  3.984  1.996  2.696  2.744  3.201  0.861 -0.508 -0.395  3.615  3.622  2.084  2.089  2.215  1.540 -1.232  2.279 -1.161 -1.480 -0.699  4.462  3.368  2.134  1.766 -1.206 -0.612  4.040  3.762  2.076  2.101 -1.039  2.022  0.455  5.070  3.764  2.657  4.381  3.687  3.399  0.186  3.464  2.947  2.759  3.876  4.570  3.858  3.885  0.033  3.867  3.490  3.861  3.889  3.872  0.256  5.450  5.450  2.502  4.762  4.750  4.048  4.336  3.017  3.471  4.020 -0.977 
  0-19  1.243  0.796  4.281  4.432  2.429  3.178  0.914  3.807  4.487  2.532  3.815  3.413  0.574  4.387  4.180  2.255  3.256  3.223  1.201  0.956  0.705  4.739  4.756  2.039  3.502  3.576  3.789  1.488  1.211  0.804  4.890  4.188  3.169  4.208  5.602  5.603  4.216  4.215  3.990  4.501 -0.017  2.968  3.673  2.537  0.101  3.311  3.135  2.087  2.831  4.890 -0.610  1.006  0.917 -0.513  0.984  4.159  5.247  3.629  4.351  3.883  4.014  3.563 -0.015  3.991  4.408  1.674  2.756  2.192  1.873  1.078 -1.416  0.874  5.670  5.252  3.081  3.810  4.591  3.901  3.893  0.944  4.902  4.893  2.938  3.300  2.718  3.529  3.114 -0.037  4.824  4.430  2.223  2.398  2.981  0.911 -0.308  2.187  3.935  4.858  2.460  4.131  2.947  3.048  0.477  3.956  3.744  1.356  3.709  2.403  3.473  0.962 -0.113  0.073  4.581  4.588  2.124  2.711  2.742  1.814 -0.998  1.730 -1.160 -1.624 -0.025  4.222  4.045  2.071  1.749 -1.047 -0.142  4.430  5.130  2.683  2.432 -0.808  2.178  0.727  4.765  5.452  3.000  4.209  4.767  3.445  0.648  4.548  4.540  2.739  3.169  4.552  4.532  4.559 -0.349  4.540  3.877  2.929  2.772  4.549  0.723  4.740  5.432  3.348  5.437  5.425  4.030  4.318  3.199  4.010  3.440 -1.250 
  0-20 -1.089 -1.993 -1.566 -1.591 -1.857  1.457 -1.411 -1.401 -1.439 -1.690  1.090  3.604 -1.919 -1.687 -1.704 -1.942  0.439  2.993 -0.031  0.705 -2.166 -1.767 -1.777 -2.031  0.975  3.064  4.415  1.780  1.811 -1.614 -1.465 -1.499 -1.720  1.424  4.402  5.095  5.095  5.094  5.095  5.786 -1.635 -1.545 -1.553 -1.714 -1.734 -1.343 -1.369 -1.739  1.608  3.700  1.603  2.876  3.948  3.256 -1.608 -1.456 -1.487 -1.764  1.990  4.087  2.499  4.559 -2.167 -1.781 -1.792 -2.200  1.042  3.565  3.979  3.942  4.464 -1.851 -1.511 -1.555 -1.789  1.710  5.526  5.241  5.232 -1.844 -1.502 -1.545 -1.809  1.613  3.504  4.018  3.501 -1.899 -1.514 -1.529 -1.826  0.907  3.211 -0.292  1.496 -1.469 -1.882 -1.907 -2.072  1.535  4.091  1.187 -2.076 -1.634 -1.639 -2.006  1.086  3.411  4.366  1.204  2.504 -1.996 -1.624 -1.633 -2.100  0.963  3.572  4.746  4.035  4.705  3.716  3.700 -1.672 -1.528 -1.580 -1.837  0.715  0.253 -1.621 -1.450 -1.497 -1.829  0.694  0.496  1.937 -1.522 -1.496 -1.519 -1.784  1.739  2.441  3.175 -1.747 -1.452 -1.473 -1.740  1.180  3.578  4.656  3.992  4.651  4.666  4.002  3.968  4.690  4.674 -1.612 -1.424 -1.452 -1.716  1.269  4.492  4.888  3.970  5.563  5.561  5.554  2.158 
  0-21 -0.651 -1.632  6.397 -1.588 -1.598  6.394 -1.348  4.668 -1.435 -1.453  4.677  4.681 -1.618  5.925 -1.690 -1.697  5.895  5.863  4.467  4.739 -1.767  6.100 -1.769 -1.778  6.069  6.041  4.907  4.607  4.372 -1.491  5.056 -1.494 -1.506  5.762  5.768  5.767  5.074  5.072  5.766  5.765 -1.550  6.187 -1.554 -1.558 -1.487  5.093 -1.356 -1.360  5.081  5.063  4.352  5.050  3.925  4.331 -1.551  6.133 -1.486 -1.497  6.144  5.453  6.141  5.453 -1.805  6.004 -1.783 -1.794  5.975  4.846  4.521  4.077  4.445 -1.540  6.583 -1.542 -1.553  6.596  6.605  5.914  5.906 -1.604  5.082 -1.530 -1.535  5.090  5.091  5.094  3.990 -1.737  5.642 -1.520 -1.530  5.616  5.590  4.192  4.878 -1.353  1.674 -1.896 -1.896  5.690  5.682 -1.100 -1.688  5.520 -1.643 -1.653  4.399  4.780  5.447  5.435  4.329 -1.629  5.899 -1.634 -1.641  5.879  5.162  5.132  4.708  4.685  3.472  3.679 -1.453  5.272 -1.543 -1.551  5.946  3.858 -1.513  5.952 -1.463 -1.470  5.243  5.232  5.924 -1.539  6.329 -1.522 -1.534  6.335  5.639  6.332 -1.644  3.961 -1.475 -1.480  4.659  4.655  4.637  4.665  4.630  4.646  4.676  4.642  4.671  4.653 -1.489  4.883 -1.446 -1.454  5.581  5.570  5.560  5.558  5.542  5.540  5.531  4.810 
  0-22 -0.574 -1.640 -1.617 -0.847 -0.659  3.415 -1.371 -1.328 -0.356 -0.289  2.906  4.701 -1.623 -1.622 -0.724 -0.790  2.299  5.879  3.923  4.756 -1.777 -1.769 -0.915 -0.811  2.950  4.958  5.329  4.624  4.612 -1.498 -1.464 -0.625 -0.452  3.986  5.786  5.091  5.785  5.090  5.785  5.782 -1.561 -1.540 -0.056 -0.184 -1.494 -1.474 -0.365 -0.370  2.702  4.390  3.678  5.068  3.656  4.352 -1.549 -1.525 -0.614 -0.498  4.774  5.470  6.159  5.471 -1.807 -1.807 -0.859 -0.760  2.813  4.862  5.231  4.787  3.768 -1.549 -1.514 -0.814 -0.685  4.668  6.623  5.931  5.008 -1.610 -1.584 -0.747 -0.626  4.413  4.417  4.419  4.008 -1.736 -1.734 -0.523 -0.517  1.644  4.914  3.651  3.979 -1.339 -1.345 -0.907 -0.995  5.013  5.005 -1.363 -1.695 -1.687 -0.843 -0.724  3.211  4.797  4.771  4.758  4.348 -1.632 -1.624 -0.826 -0.676  2.850  4.263  5.842  5.132  4.416  3.847  3.986 -1.463 -1.449 -0.582 -0.558  2.498  3.557 -1.513 -1.503 -0.605 -0.542  3.873  3.304  4.843 -1.536 -1.514 -0.529 -0.472  5.658  5.657  4.963 -1.642 -1.621 -0.752 -0.439  3.983  4.673  3.553  4.681  4.648  4.665  4.692  4.661  4.689  4.673 -1.492 -1.468 -0.484 -0.349  3.805  5.587  3.968  5.576  4.461  5.558  5.549  4.136 
  0-23 -0.576 -1.958 -1.627 -0.843  1.742  2.245 -1.649 -1.340 -0.035  1.884  2.289  2.745 -1.869 -1.630 -0.470  1.478  1.824  2.539  2.224  2.039 -2.031 -1.778 -0.811  1.408  2.053  1.922  4.222  2.866  3.157 -1.739 -1.475 -0.324  2.159  2.936  4.391  3.578  3.986  3.981  4.388  4.386 -1.830 -1.562  0.088  1.650 -1.797 -1.486 -0.239  2.012  1.958  2.993  0.612  1.624  1.736  1.423 -1.811 -1.536 -0.326  2.387  4.205  2.688  3.586  2.936 -2.198 -1.814 -0.705  1.395  1.812  1.707  2.422  2.241  0.150 -1.817 -1.524 -0.506  2.193  3.141  4.217  3.844  3.352 -1.854 -1.592 -0.580  2.133  3.017  2.798  3.493  2.610 -2.060 -1.742 -0.358  2.100  0.980  2.134  1.259 -0.048 -1.375 -1.298 -0.770  1.439  4.089  3.292  1.055 -2.051 -1.697 -0.695  1.819  2.288  1.570  4.070  1.729  0.496 -2.078 -1.637 -0.642  1.800  2.018  1.590  2.892  1.306  3.597  0.347  0.345 -1.760 -1.458 -0.224  1.755  1.677 -0.155 -1.809 -1.517 -0.148  2.092  3.171 -0.159  2.106 -1.787 -1.523 -0.201  2.008  4.396  2.907  2.390 -1.883 -1.632 -0.601  2.085  2.586  3.563  2.245  4.672  0.832  4.656  3.296  3.957  3.987  4.662 -1.758 -1.484 -0.236  1.888  2.814  3.968  3.004  3.002  3.758  4.162  4.441  1.000 
  0-24  2.959  1.497  6.363  3.721  2.614  6.359  1.855  4.635  3.012  2.048  4.640  4.642  0.972  5.894  2.651  2.074  5.861  5.829  2.875  3.502  0.975  6.069  2.950  2.053  6.037  6.007  5.279  4.014  3.868  1.876  5.714  3.507  2.753  5.726  5.732  5.732  5.037  5.036  5.728  5.727  1.358  5.054  3.170  2.472  1.540  5.058  3.454  2.420  5.044  5.024  3.909  5.010  4.293  4.987  1.708  6.098  3.524  2.863  6.107  5.009  4.719  5.010  0.973  5.973  3.153  1.730  5.943  4.526  5.180  4.042  2.753  1.552  6.549  3.446  2.578  6.560  5.876  5.472  5.870  1.406  5.049  3.096  2.471  5.054  4.364  5.058  3.952  1.114  5.608  2.788  2.478  5.582  5.556  2.772  3.234  2.556  5.684  2.394  2.133  5.657  4.956  3.589  1.134  5.489  3.419  2.234  5.466  4.747  4.718  3.320  3.600  1.296  5.868  3.104  2.019  5.152  5.821  5.095  5.076  4.361  3.255  3.420  1.514  5.932  3.454  2.349  5.912  3.196  1.340  5.919  2.931  2.339  5.901  3.325  4.280  1.775  6.293  3.580  2.723  6.298  4.687  5.197  1.671  4.622  3.231  2.531  4.628  4.623  4.603  4.629  3.904  4.612  4.643  4.607  4.636  4.618  1.826  5.543  3.144  2.704  5.546  5.534  5.526  5.524  5.506  5.504  5.495  4.365 
  0-25  3.586  3.770  6.332  5.636  2.537  5.228  3.495  4.600  4.587  2.383  3.913  3.509  2.938  5.861  3.933  1.982  5.830  5.798  3.015  3.576  3.064  6.041  4.958  1.922  6.007  4.367  4.329  3.289  2.870  3.728  5.682  5.674  2.833  4.999  5.699  5.698  5.698  5.695  5.696  5.000  3.565  6.119  4.522  2.517  3.934  5.025  5.032  2.460  5.012  4.991  4.280  4.283  4.254  3.341  3.286  6.067  4.672  2.266  5.380  5.381  4.974  4.464  3.255  5.944  4.858  1.170  5.220  5.189  4.743  3.238  2.549  4.210  6.518  5.121  2.547  6.528  5.842  5.439  5.430  3.915  5.017  5.011  2.365  4.328  4.331  3.924  3.223  3.109  5.578  4.898  2.057  5.550  5.523  2.566  2.672  4.968  4.963  4.562  2.826  5.627  4.234  4.946  4.782  5.460  4.777  1.401  4.743  5.409  5.378  4.268  2.795  3.455  5.146  5.154  1.536  5.121  5.789  3.963  3.945  4.105  3.069  2.648  3.023  5.901  5.215  2.501  4.781  1.464  3.496  5.887  5.202  1.865  5.870  1.335  4.065  3.545  5.567  6.254  2.335  6.264  4.876  4.875  3.893  4.593  4.588  2.637  4.598  4.592  3.473  4.598  2.955  4.580  4.609  4.574  3.909  4.585  4.123  5.511  5.512  3.428  5.513  5.501  5.492  4.391  5.473  4.371  4.768  2.598 
  0-26  4.384  4.352  5.197  5.601  3.982  4.680  4.557  4.561  4.550  3.444  4.566  3.876  3.899  5.826  5.843  4.044  5.792  5.759  3.957  3.789  4.415  4.907  5.329  4.222  5.279  4.329  4.803  3.325  3.239  4.944  5.647  5.637  4.938  5.655  5.662  4.966  5.660  4.963  5.657  5.655  4.707  6.083  5.402  3.694  4.303  4.988  4.993  3.891  4.975  4.950  4.931  4.240  4.213  3.521  4.923  5.337  5.328  4.627  5.343  4.937  4.649  4.086  4.544  4.524  4.535  3.276  4.493  4.460  3.860  3.059  1.529  5.378  6.483  6.471  5.769  5.799  5.804  5.400  5.391  3.878  4.980  4.975  3.869  4.290  4.293  3.598  3.028  4.865  5.543  5.556  3.755  5.513  5.485  3.682  3.270  5.626  5.622  5.628  4.017  4.901  4.487  4.217  4.342  4.732  5.434  3.817  5.398  4.272  4.647  3.130  3.241  4.433  5.111  5.813  3.860  4.680  4.654  3.927  3.303  3.376  1.438  1.634  4.780  4.766  4.486  4.257  4.743  2.536  4.759  5.849  5.858  4.062  5.137  3.253  4.209  4.606  5.531  5.119  4.600  5.532  4.836  4.612  3.167  4.559  3.864  4.548  3.868  4.557  3.843  4.563  3.837  3.852  3.881  4.538  3.182  3.452  5.474  5.479  5.477  4.086  5.480  5.466  4.763  5.453  4.336  3.823  4.036  2.100 
  0-27  1.591  1.289  4.897  4.084  2.975  3.444  1.451  3.448  4.537  3.429  3.166  2.763  1.248  4.203  4.732  2.646  3.382  3.665  1.473  1.488  1.780  4.607  4.624  2.866  4.014  3.289  3.325  1.535  1.212  1.693  4.024  4.238  3.537  4.950  5.649  3.855  4.262  3.697  4.545  4.543  0.567  2.487  3.250  2.645  0.842  3.877  3.883  3.367  3.169  4.243  0.051  1.520  0.748 -0.463  1.913  4.407  4.215  3.165  4.926  4.413  3.623  3.312  1.174  4.288  3.713  2.436  3.158  2.838  2.105  1.056 -1.227  1.737  5.778  4.667  3.357  4.871  4.693  3.489  3.534  1.500  4.275  4.961  2.652  3.873  3.587  2.890  2.563  0.759  4.837  4.446  2.896  2.936  4.376  1.385  0.109  2.976  4.001  4.230  2.437  3.280  3.176  3.029  1.239  4.313  4.035  2.849  2.988  3.413  3.130  1.382  0.021  1.133  4.405  4.191  2.460  3.465  3.033  1.612 -0.976  1.508 -1.150 -1.419  0.445  4.243  3.662  2.909  2.784 -0.480  0.129  4.228  4.236  2.952  3.045 -0.162  2.194  1.846  4.600  4.412  3.200  4.265  3.810  3.723  1.447  3.161  4.544  3.843  3.858  3.855  3.835  3.859 -0.181  3.843  3.871  2.737  2.613  3.154  1.438  4.772  5.465  3.380  4.773  4.759  3.833  3.496  2.857  3.223  3.464 -1.059 
  0-28  1.488  1.504  4.191  3.967  2.963  3.430  1.353  4.532  3.833  3.416  2.931  3.444  1.587  4.191  5.819  2.817  3.687  3.432  1.355  1.211  1.811  4.372  4.612  3.157  3.868  2.870  3.239  1.212  0.634  1.350  5.621  5.611  3.524  3.837  4.538  4.535  5.634  5.631  4.021  4.243  0.499  3.285  3.769  2.770  1.080  4.269  4.277  3.353  3.155  3.825 -0.171  1.269  0.891 -0.729  1.627  6.004  4.386  3.213  4.912  4.401  3.704  3.173  1.216  3.941  4.289  2.558  3.289  2.490  1.673  0.660 -1.462  1.742  5.359  4.836  3.871  4.675  5.086  4.276  3.757  1.040  3.856  4.256  2.862  3.571  3.351  2.561  2.313  0.816  4.419  4.145  2.958  3.186  3.851  1.245 -0.024  3.406  3.804  4.506  2.608  2.680  3.364  2.691  1.184  4.014  4.312  2.358  3.581  2.638  3.369  0.961 -0.363  1.024  3.990  4.690  2.837  2.811  2.595  1.121 -1.169  1.302 -1.213 -1.469  0.607  4.452  3.902  2.624  2.205 -0.522  0.765  4.438  4.734  2.736  2.913 -0.262  2.328  1.795  5.503  4.581  3.138  4.406  3.198  3.150  1.585  4.534  4.533  3.831  4.536  4.531  3.125  3.845 -0.257  3.827  3.450  2.436  2.598  3.140  1.560  4.761  4.354  2.964  3.509  5.441  3.820  3.637  3.211  2.701  3.606 -1.183 
  0-29 -0.846 -1.527 -1.349 -1.367 -1.728  1.744 -1.156 -1.289 -1.309 -1.728  1.376  4.424 -1.600 -1.603 -1.612 -1.867  1.507  3.118  0.331  0.804 -1.614 -1.491 -1.498 -1.739  1.876  3.728  4.944  1.693  1.350 -1.153 -1.097 -1.118 -1.744  1.664  4.467  4.467  4.872  4.872  4.872  4.872 -1.557 -1.492 -1.492 -1.786 -1.441 -1.471 -1.490 -1.785  1.635  4.144  2.255  3.726  4.104  3.008 -1.066 -1.122 -1.145 -1.658  2.229  4.742  3.352  4.233 -1.532 -1.420 -1.427 -1.680  1.710  3.958  5.523  5.480  4.745 -1.429 -1.149 -1.180 -1.720  1.988  6.288  5.598  4.898 -1.341 -1.143 -1.152 -1.659  1.946  3.742  4.152  3.453 -1.520 -1.464 -1.471 -1.733  1.686  3.764  0.049  1.985 -0.825 -1.441 -1.457 -1.679  2.212  4.325  1.242 -1.541 -1.482 -1.473 -1.758  2.088  4.505  4.073  1.101  2.107 -1.577 -1.559 -1.569 -1.833  1.715  4.400  5.467  4.753  5.421  5.411  4.699 -1.360 -1.443 -1.472 -1.755  1.276  0.440 -1.216 -1.482 -1.488 -1.780  1.150  0.905  2.464 -1.016 -1.255 -1.269 -1.740  2.445  3.138  3.542 -1.397 -1.287 -1.311 -1.770  1.575  2.521  4.447  3.784  4.445  4.465  3.796  4.462  4.487  4.473 -1.251 -1.310 -1.327 -1.796  1.524  3.267  3.952  4.239  5.323  5.322  5.314  1.887 
  0-30 -0.427 -1.243  4.991 -1.341 -1.353  6.084 -1.320  4.422 -1.290 -1.310  4.430  4.431 -1.563  5.678 -1.578 -1.588  5.642  5.609  5.602  4.890 -1.465  5.056 -1.464 -1.475  5.714  5.682  5.647  4.024  5.621 -1.097  5.552 -1.098 -1.114  5.565  4.881  4.881  4.881  4.881  4.881  4.881 -1.369  5.267 -1.470 -1.479 -1.332  4.177 -1.458 -1.466  4.861  4.846  4.137  4.832  4.113  4.115 -1.182  5.836 -1.122 -1.133  5.847  5.850  5.846  5.850 -1.501  5.645 -1.398 -1.413  5.609  5.574  5.532  5.488  4.058 -1.272  6.275 -1.151 -1.168  6.287  6.297  5.201  5.600 -1.167  4.837 -1.140 -1.160  4.847  4.851  4.855  4.848 -1.478  5.438 -1.440 -1.456  5.410  4.284  4.274  4.670 -1.410  1.621 -1.427 -1.428  5.440  5.432 -1.164 -1.391  4.562 -1.461 -1.475  5.231  5.206  5.180  3.377  4.062 -1.428  5.552 -1.543 -1.555  5.530  5.508  5.475  4.761  5.429  5.416  5.400 -1.502  5.067 -1.429 -1.437  5.740  5.038 -1.475  5.027 -1.465 -1.474  5.703  4.999  4.997 -1.251  4.933 -1.252 -1.264  5.344  5.343  6.034 -1.230  4.466 -1.286 -1.302  4.476  4.475  4.455  4.485  4.452  4.472  4.498  4.471  4.496  3.787 -1.229  4.663 -1.305 -1.316  5.362  5.355  5.347  5.347  5.332  5.330  5.324  4.199 
  0-31 -0.310 -1.269 -1.258 -0.460 -0.297  3.436 -1.351 -1.325  0.006  0.100  3.320  4.422 -1.587 -1.595 -0.566 -0.500  2.337  5.602  3.984  4.188 -1.499 -1.494 -0.625 -0.324  3.507  5.674  5.637  4.238  5.611 -1.118 -1.098  0.064  0.304  3.609  4.872  4.180  5.565  5.564  5.565  5.564 -1.403 -1.393 -0.094 -0.144 -1.357 -1.351 -0.243 -0.086  3.464  4.832  4.123  4.819  3.696  4.102 -1.199 -1.182  0.025  0.390  5.838  5.149  5.837  5.148 -1.536 -1.532 -0.501 -0.063  3.522  5.565  5.524  5.479  4.338 -1.296 -1.274 -0.186  0.160  4.487  6.288  5.598  6.283 -1.191 -1.169 -0.057  0.311  3.450  4.841  4.152  4.840 -1.515 -1.504 -0.381 -0.235  2.179  4.274  2.965  3.561 -1.420 -1.430 -0.396 -0.096  5.430  4.732 -1.442 -1.430 -1.414 -0.534 -0.226  3.430  5.196  5.169  3.770  5.148 -1.455 -1.452 -0.518 -0.191  3.217  4.399  4.772  4.751  5.418  4.715  4.698 -1.529 -1.527 -0.400 -0.187  3.164  3.776 -1.502 -1.495 -0.201 -0.152  4.082  3.604  5.679 -1.265 -1.254  0.057  0.317  4.929  4.927  5.332 -1.251 -1.230 -0.195 -0.080  4.465  4.467  4.445  4.476  4.444  4.462  3.796  4.458  4.484  4.471 -1.246 -1.232 -0.023  0.117  4.255  5.347  5.338  5.339  5.324  5.322  5.316  5.288 
  0-32 -0.396 -1.649 -1.268 -0.364  2.169  2.429 -1.855 -1.339  0.281  2.304  2.108  2.623 -1.781 -1.606 -0.282  2.174  1.797  3.647  2.494  3.169 -1.720 -1.506 -0.452  2.159  2.753  2.833  4.938  3.537  3.524 -1.744 -1.114  0.304  2.809  2.982  4.865  3.361  3.478  4.864  4.459  4.458 -1.747 -1.425  0.174  1.668 -1.760 -1.361 -0.107  2.015  2.071  3.726  0.666  1.867  2.389  1.352 -1.716 -1.192  0.091  2.713  4.444  2.943  3.345  3.531 -1.794 -1.541 -0.508  2.052  2.376  3.363  3.572  2.583  0.299 -1.787 -1.282 -0.229  2.211  3.054  4.336  3.981  3.387 -1.729 -1.182 -0.172  2.725  3.037  3.224  3.452  2.752 -1.765 -1.514 -0.178  2.059  1.540  2.800  1.349 -0.012 -1.450 -1.370 -0.645  1.673  4.731  3.472  1.023 -1.727 -1.426 -0.384  1.988  2.326  2.356  3.775  1.816  0.370 -1.759 -1.464 -0.470  2.103  2.517  2.546  2.567  1.005  3.330  0.185  0.379 -1.776 -1.541 -0.207  1.891  2.137 -0.061 -1.743 -1.509  0.175  2.119  2.976 -0.029  2.625 -1.795 -1.262  0.133  2.910  4.227  3.185  2.926 -1.731 -1.240 -0.036  2.825  3.072  4.460  2.649  4.471  0.699  4.456  2.871  3.758  4.477  3.770 -1.818 -1.255  0.114  2.497  2.253  4.645  3.383  4.232  4.622  4.216  3.920  0.524 
