   0-0 -0.000 -0.961 -0.500 -0.464 -0.462  3.149 -0.880 -0.489 -0.355 -0.435  2.423  1.542 -1.020 -0.624 -0.495 -0.545  2.571  3.937  1.049  1.244 -1.090 -0.652 -0.574 -0.576  2.976  3.605  4.411  1.588  1.486 -0.847 -0.428 -0.310 -0.397  3.222  5.745  4.842  5.206  5.105  5.377  5.249 -0.962 -0.551 -0.328 -0.414 -0.927 -0.511 -0.382 -0.447  2.872  4.716  1.766  3.062  3.005  2.019 -0.829 -0.428 -0.313 -0.405  3.939  4.385  4.188  4.361 -1.086 -0.665 -0.565 -0.571  2.878  3.794  3.962  3.292  1.324 -0.917 -0.452 -0.385 -0.450  3.632  5.464  4.844  4.745 -0.885 -0.430 -0.372 -0.428  3.345  4.182  4.866  3.818 -1.012 -0.596 -0.447 -0.496  2.468  4.178  1.369  1.456 -0.752 -0.601 -0.599 -0.497  3.944  4.800 -0.164 -1.046 -0.600 -0.511 -0.539  3.010  3.702  4.778  1.763  1.624 -1.014 -0.582 -0.493 -0.513  2.960  3.844  3.857  1.893  4.032  1.370  1.354 -0.939 -0.558 -0.427 -0.479  2.497  0.987 -0.901 -0.537 -0.381 -0.469  2.760  1.056  3.401 -0.815 -0.441 -0.299 -0.402  3.883  4.019  3.973 -0.859 -0.435 -0.338 -0.410  3.390  5.193  4.373  5.765  1.942  5.478  5.252  5.121  5.101  5.300 -0.873 -0.461 -0.328 -0.418  3.222  5.588  4.878  4.882  4.861  4.917  5.312  1.390 
   0-1 -0.961 -1.863 -1.458 -1.476 -1.891  1.812 -1.511 -1.249 -1.285 -1.680  1.633  4.311 -1.729 -1.529 -1.542 -1.892  1.036  3.329  0.107  0.800 -1.990 -1.627 -1.635 -1.955  1.525  3.902  4.471  1.309  1.521 -1.529 -1.242 -1.266 -1.652  1.767  4.471  4.472  6.081  5.388  4.983  5.388 -1.550 -1.326 -1.325 -1.632 -1.532 -1.287 -1.291 -1.612  1.871  4.716  1.461  3.452  4.679  3.582 -1.536 -1.384 -1.406 -1.760  2.329  4.667  2.900  4.381 -1.931 -1.632 -1.630 -1.867  1.560  4.194  4.490  4.960  4.919 -1.787 -1.368 -1.401 -1.779  1.931  5.552  5.843  5.142 -1.777 -1.380 -1.412 -1.770  1.555  3.659  5.456  4.064 -1.729 -1.479 -1.485 -1.777  1.066  3.540  0.174  1.987 -0.872 -1.472 -1.479 -1.779  2.149  4.936  0.880 -1.921 -1.588 -1.594 -1.901  1.412  3.884  5.111  1.219  2.953 -1.797 -1.431 -1.443 -1.776  1.538  4.530  5.008  4.990  4.966  4.109  4.093 -1.546 -1.403 -1.422 -1.749  1.007  0.672 -1.450 -1.390 -1.418 -1.724  0.860  1.039  2.607 -1.422 -1.322 -1.345 -1.747  1.984  3.147  3.868 -1.631 -1.236 -1.259 -1.659  1.618  3.633  4.307  3.928  4.997  5.013  3.940  5.010  5.036  5.021 -1.503 -1.305 -1.333 -1.699  1.879  3.799  5.176  5.871  5.853  5.855  5.845  2.012 
   0-2 -0.500 -1.458  5.758 -1.464 -1.477  6.159 -1.428  4.291 -1.267 -1.289  4.994  4.998 -1.483  5.588 -1.514 -1.524  6.248  5.522  4.597  4.244 -1.561  6.361 -1.612 -1.623  6.327  6.296  5.162  4.862  4.156 -1.353  4.956 -1.256 -1.268  6.066  6.075  6.075  6.075  6.076  5.382  6.074 -1.419  5.240 -1.317 -1.327 -1.343  5.432 -1.285 -1.297  5.423  5.405  5.387  5.393  4.672  4.674 -1.346  6.443 -1.396 -1.408  5.759  6.454  5.064  5.763 -1.552  6.206 -1.618 -1.631  6.174  6.137  6.097  6.055  4.916 -1.428  6.912 -1.384 -1.397  6.925  6.934  5.550  5.830 -1.440  5.434 -1.391 -1.403  5.441  5.445  5.450  4.056 -1.419  5.987 -1.468 -1.482  5.958  5.240  3.976  4.815 -1.358  1.972 -1.470 -1.471  6.036  6.029 -1.112 -1.490  5.181 -1.581 -1.589  5.852  5.826  5.801  4.180  4.171 -1.493  6.182 -1.426 -1.434  6.160  6.136  5.411  5.391  4.961  4.104  3.955 -1.394  5.646 -1.401 -1.411  6.320  5.619 -1.346  6.343 -1.390 -1.399  6.327  4.238  5.622 -1.324  5.999 -1.331 -1.345  6.699  6.698  6.697 -1.403  5.006 -1.249 -1.260  5.014  5.011  4.993  5.021  4.989  5.006  5.033  5.003  5.028  5.015 -1.332  5.184 -1.314 -1.328  5.882  5.873  5.865  5.171  5.847  5.847  5.838  4.426 
   0-3 -0.464 -1.476 -1.464 -0.683 -0.652  3.266 -1.447 -1.424 -0.362 -0.285  3.895  4.303 -1.512 -1.506 -0.492 -0.654  2.531  5.114  3.806  4.578 -1.585 -1.583 -0.851 -0.838  3.686  5.601  5.566  3.848  3.932 -1.370 -1.346 -0.467 -0.370  3.291  6.074  6.074  6.074  5.380  5.380  5.380 -1.450 -1.433 -0.013 -0.227 -1.364 -1.352 -0.358 -0.365  3.119  5.403  4.286  4.695  4.262  4.672 -1.356 -1.339 -0.587 -0.591  5.757  5.760  5.756  5.068 -1.578 -1.574 -0.789 -0.779  2.994  5.445  5.405  6.056  4.070 -1.444 -1.421 -0.712 -0.693  4.621  6.240  6.243  6.235 -1.460 -1.436 -0.675 -0.691  3.647  4.751  5.449  5.443 -1.444 -1.438 -0.426 -0.559  2.292  4.544  3.722  3.609 -1.361 -1.369 -0.760 -0.667  6.033  6.028 -1.384 -1.516 -1.506 -0.783 -0.860  3.548  5.132  5.105  4.690  4.392 -1.515 -1.508 -0.660 -0.601  3.519  4.748  5.005  4.986  4.674  4.664  4.648 -1.412 -1.410 -0.399 -0.491  3.098  4.230 -1.366 -1.358 -0.434 -0.593  4.533  3.606  6.312 -1.334 -1.318 -0.498 -0.454  6.697  6.696  5.597 -1.418 -1.398 -0.692 -0.531  5.011  5.010  4.298  5.020  4.295  5.006  5.032  5.001  5.027  5.012 -1.356 -1.332 -0.479 -0.368  3.933  5.871  5.170  5.863  5.845  5.846  5.838  4.019 
   0-4 -0.462 -1.891 -1.477 -0.652  1.973  2.234 -1.813 -1.443 -0.278  1.815  2.341  3.374 -1.751 -1.517 -0.204  2.074  2.029  3.066  2.697  2.438 -1.852 -1.593 -0.654  1.827  2.679  2.502  4.052  2.903  2.929 -1.732 -1.358 -0.292  2.218  2.527  4.271  3.498  3.290  4.964  4.452  3.981 -1.812 -1.458  0.199  2.022 -1.695 -1.363 -0.138  2.201  2.412  4.003  0.905  2.331  1.737  1.238 -1.758 -1.349 -0.258  2.320  5.054  2.614  3.348  3.399 -1.875 -1.581 -0.601  1.799  2.106  2.443  2.955  2.410  0.297 -1.840 -1.430 -0.439  2.200  3.202  4.033  3.708  3.518 -1.796 -1.448 -0.403  2.074  2.384  2.661  4.339  2.723 -1.740 -1.449 -0.084  1.937  1.756  2.876  1.920  0.130 -1.385 -1.335 -0.808  1.209  4.639  3.533  1.339 -1.815 -1.521 -0.520  1.917  2.623  2.598  3.592  2.166  0.314 -1.848 -1.519 -0.515  1.898  2.538  2.542  2.915  1.057  3.410  0.240  0.441 -1.681 -1.424 -0.158  2.007  2.072 -0.072 -1.614 -1.373  0.159  2.252  2.878 -0.100  2.612 -1.701 -1.328 -0.158  2.115  4.384  3.354  2.814 -1.761 -1.411 -0.435  2.342  3.209  3.899  2.900  5.007  0.608  4.300  5.019  4.295  4.322  4.999 -1.770 -1.343 -0.251  2.216  2.977  5.167  3.287  3.368  5.141  4.226  5.825  0.646 
   0-5  3.149  1.812  6.159  3.266  2.234  5.237  1.573  4.978  3.022  2.068  4.987  4.992  1.393  6.278  3.204  2.245  6.244  4.603  2.985  3.142  1.472  6.358  3.431  2.274  6.323  5.193  4.645  3.534  3.395  1.722  6.049  3.475  2.420  6.059  6.068  6.068  6.067  6.067  4.967  6.067  1.552  5.929  3.416  2.393  1.696  5.428  3.486  2.719  5.418  5.400  4.688  5.386  4.666  3.975  1.905  6.436  3.432  2.310  6.444  5.753  5.058  5.060  1.549  6.202  3.219  2.377  6.167  6.131  5.396  5.353  4.214  1.909  6.213  3.527  2.454  6.917  6.925  5.319  5.821  1.531  4.735  3.810  2.639  5.435  5.439  4.344  3.644  1.642  5.289  3.510  2.376  5.955  5.235  2.585  3.510  3.181  6.063  2.737  2.117  6.032  6.024  3.649  1.741  5.869  3.396  2.505  5.846  5.128  4.695  3.296  3.289  1.808  6.178  3.413  2.418  5.462  4.521  4.710  3.880  4.260  3.740  3.628  1.586  6.335  3.122  2.131  5.621  3.742  1.753  6.339  3.167  2.313  6.322  3.479  4.924  2.005  6.686  3.686  2.631  5.998  5.081  4.897  2.049  4.999  4.300  3.040  5.008  5.006  4.295  5.014  3.884  5.000  5.025  4.995  5.021  5.007  1.757  5.871  3.671  2.428  5.182  5.866  5.858  5.858  5.147  4.742  5.833  3.503 
   0-6 -0.880 -1.511 -1.428 -1.447 -1.813  1.573 -0.971 -1.070 -1.105 -1.660  1.589  2.044 -1.470 -1.518 -1.528 -1.805  1.146  3.095  0.269  0.871 -1.411 -1.358 -1.380 -1.667  1.813  3.454  4.515  1.410  1.312 -1.152 -1.295 -1.328 -1.836  1.254  4.398  3.705  4.400  4.396  4.396  4.396 -1.639 -1.509 -1.500 -1.784 -1.694 -1.477 -1.483 -1.787  1.617  3.798  1.481  3.783  3.763  3.066 -1.132 -1.365 -1.384 -1.815  2.136  3.601  2.135  4.007 -1.401 -1.454 -1.464 -1.763  1.711  3.349  4.405  4.358  4.314 -1.415 -1.309 -1.339 -1.823  1.986  5.172  4.075  5.167 -1.227 -1.169 -1.200 -1.680  1.654  3.046  3.049  3.737 -1.527 -1.462 -1.482 -1.765  1.472  2.893  0.124  1.957 -0.431 -1.323 -1.321 -1.544  1.748  4.381  1.632 -1.637 -1.469 -1.480 -1.699  1.197  4.115  4.085  1.128  2.121 -1.500 -1.499 -1.503 -1.795  1.726  3.716  4.375  4.358  4.333  3.631  3.613 -1.436 -1.536 -1.548 -1.830  1.156  0.581 -1.279 -1.565 -1.572 -1.864  0.843  1.008  2.821 -1.060 -1.375 -1.383 -1.800  1.743  2.354  3.821 -1.200 -1.377 -1.413 -1.774  1.410  3.352  3.336  3.363  3.334  3.351  3.375  3.347  3.372  3.357 -1.219 -1.443 -1.460 -1.900  1.120  3.513  3.505  3.507  4.183  4.183  4.177  1.511 
   0-7 -0.489 -1.249  4.291 -1.424 -1.443  4.978 -1.070  3.982 -1.078 -1.104  3.295  2.892 -1.442  4.553 -1.494 -1.513  4.518  4.485  3.784  3.763 -1.408  4.627 -1.337 -1.349  4.593  4.558  4.519  3.407  4.491 -1.284  4.383 -1.300 -1.314  4.394  4.405  4.401  4.402  4.401  4.401  4.400 -1.497  4.888 -1.489 -1.497 -1.754  3.826 -1.471 -1.479  3.817  3.800  3.784  3.786  3.767  3.764 -1.306  4.696 -1.367 -1.392  4.705  4.706  4.702  4.704 -1.405  4.525 -1.435 -1.456  4.491  4.454  4.409  4.364  3.629 -1.292  5.157 -1.317 -1.334  5.167  5.177  5.179  5.170 -1.169  3.736 -1.173 -1.195  3.741  3.744  3.747  3.741 -1.419  3.645 -1.443 -1.457  3.616  3.588  3.579  3.164 -1.708  2.227 -1.310 -1.320  4.389  4.385 -1.591 -1.592  4.174 -1.455 -1.470  4.145  4.116  4.086  4.075  4.069 -1.598  4.460 -1.488 -1.501  4.436  4.407  4.378  4.358  4.334  4.326  3.209 -1.535  4.709 -1.527 -1.542  4.688  4.681 -1.433  3.955 -1.554 -1.572  4.630  3.928  4.616 -1.223  4.919 -1.378 -1.396  4.925  4.921  4.228 -1.153  3.346 -1.379 -1.384  3.358  3.358  3.339  3.370  3.335  3.352  3.379  3.346  3.374  3.359 -1.315  4.211 -1.441 -1.454  4.217  4.210  4.203  4.203  4.187  4.185  4.179  3.055 
   0-8 -0.355 -1.285 -1.267 -0.362 -0.278  3.022 -1.105 -1.078  0.465  0.458  2.592  2.592 -1.489 -1.475 -0.220 -0.043  2.202  3.780  3.363  4.444 -1.444 -1.442 -0.337 -0.048  2.970  4.546  4.509  4.496  3.792 -1.303 -1.284 -0.007  0.276  3.693  4.393  3.701  4.392  4.393  4.392  4.391 -1.530 -1.521 -0.067 -0.121 -1.780 -1.774 -0.403  0.121  2.422  3.791  3.776  3.777  3.755  3.758 -1.319 -1.309 -0.169 -0.051  4.695  4.697  4.695  4.003 -1.446 -1.438 -0.323 -0.026  3.381  4.444  4.399  4.355  4.310 -1.316 -1.295 -0.405 -0.162  4.059  5.167  5.169  5.162 -1.207 -1.174  0.001  0.126  3.036  3.733  3.736  3.729 -1.454 -1.450 -0.252  0.141  2.688  3.578  2.873  3.152 -1.720 -1.729 -0.585  0.032  4.378  3.679 -1.746 -1.639 -1.621 -0.473 -0.114  2.344  4.108  4.079  3.373  4.060 -1.622 -1.624 -0.567 -0.197  2.633  3.705  4.364  3.651  4.319  4.313  4.294 -1.570 -1.561 -0.248 -0.093  2.111  3.571 -1.456 -1.454 -0.116 -0.097  3.009  2.819  4.604 -1.250 -1.228 -0.019  0.041  4.912  4.910  4.911 -1.174 -1.153 -0.307 -0.010  3.345  3.345  3.325  3.357  3.324  3.341  3.365  3.332  3.361  3.343 -1.331 -1.320 -0.051  0.097  2.822  4.203  3.501  3.500  4.179  3.483  4.170  4.143 
   0-9 -0.435 -1.680 -1.289 -0.285  1.815  2.068 -1.660 -1.104  0.458  1.381  1.773  1.775 -1.737 -1.488 -0.188  1.830  1.788  2.383  2.056  2.489 -1.694 -1.460 -0.288  1.977  2.007  2.342  3.402  3.388  3.375 -1.720 -1.304  0.076  2.553  2.584  3.692  4.385  4.384  4.383  3.690  3.688 -1.950 -1.559  0.035  1.406 -2.117 -1.782 -0.394  2.705  1.602  3.091  0.631  1.466  1.259  1.262 -1.705 -1.317  0.053  2.581  3.992  2.743  3.075  2.608 -1.741 -1.453 -0.268  2.112  2.274  3.337  3.698  2.553  0.370 -1.759 -1.306 -0.132  2.071  3.541  4.466  3.551  3.545 -1.655 -1.189 -0.079  2.312  2.334  2.624  3.728  3.026 -1.735 -1.471 -0.166  1.684  1.649  4.261  1.543 -0.035 -1.744 -1.711 -1.046  1.148  4.371  3.264  1.167 -1.854 -1.635 -0.414  2.544  2.182  3.002  4.070  1.861  0.267 -1.880 -1.631 -0.536  2.041  2.218  2.598  2.746  0.779  3.211  0.113  0.454 -1.836 -1.580 -0.252  2.043  1.622  0.241 -1.704 -1.469  0.168  2.328  2.818 -0.014  2.805 -1.668 -1.239  0.317  2.246  4.902  3.109  2.416 -1.560 -1.162  0.227  1.926  1.950  3.338  2.624  3.348  0.425  3.333  2.661  2.632  3.349  3.334 -1.765 -1.326  0.062  1.698  2.409  4.193  4.186  2.393  3.476  3.476  4.161  0.607 
  0-10  2.423  1.633  4.994  3.895  2.341  4.987  1.589  3.295  2.592  1.773  2.895 -2.061  0.844  4.562  2.183  1.577  3.429  4.491  3.791  3.772  1.105  4.636  3.270  2.449  4.599  3.871  4.524  3.411  2.889  1.386  4.391  3.281  1.975  4.402  4.411  4.412  4.408  4.409  4.407  4.409  1.195  4.899  2.834  1.909  0.624  3.831  3.834  2.440  3.821  3.807  3.790  3.792  3.078  3.770  1.294  4.704  3.597  2.122  4.712  4.713  4.015  4.711  1.255  4.532  3.450  2.340  4.495  4.458  4.415  4.369  3.633  1.468  5.164  3.542  2.251  5.174  5.182  5.183  4.483  1.540  3.743  2.347  2.117  3.749  3.754  3.060  3.750  1.320  4.348  2.976  2.158  3.624  3.596  2.893  2.479  2.650  4.430  2.647  1.868  4.396  4.390  3.722  1.197  4.178  2.399  2.099  4.151  4.121  4.092  3.388  4.073  0.954  4.467  3.376  2.163  4.442  3.722  3.689  3.669  4.339  2.945  4.313  1.042  4.717  2.931  1.770  4.003  3.998  1.233  4.660  2.468  1.769  4.639  2.841  3.932  1.421  4.925  3.820  2.514  4.930  4.928  4.928  0.953  3.358  3.346  1.953  3.365  3.365  3.346  3.370  3.342  3.355  3.385  3.354  3.378  3.363  1.269  4.218  3.115  2.133  4.225  4.216  4.206  4.210  4.194  4.195  4.188  3.468 
  0-11  1.542  4.311  4.998  4.303  3.374  4.992  2.044  2.892  2.592  1.775 -2.061 -3.772  3.489  3.467  4.585  2.966  3.431  3.396  3.389  3.368  3.563  4.639  4.659  2.857  4.601  3.467  3.835  2.722  3.403  4.385  4.393  4.383  2.584  4.404  4.414  4.415  3.718  3.721  4.411  3.716  2.967  4.212  4.224  2.607  3.845  3.835  3.837  3.828  3.134  3.811  2.410  3.797  2.676  1.575  3.599  4.706  4.699  2.899  4.714  4.714  4.019  3.615  2.610  4.535  4.549  3.153  3.807  4.462  4.415  3.677  2.246  4.062  5.167  5.156  2.661  5.177  5.184  4.087  5.178  3.049  3.748  3.739  3.035  3.753  3.755  3.065  2.365  2.760  4.352  4.365  2.972  3.631  4.297  2.339  2.889  4.446  4.436  4.442  3.746  4.400  4.393  4.421  3.504  4.179  3.496  2.793  4.155  4.127  4.095  2.698  2.285  4.483  4.469  4.476  3.081  4.446  3.320  3.000  3.267  3.245  2.949  2.529  3.637  4.721  4.727  2.639  4.006  2.391  3.573  4.662  4.670  2.585  4.646  2.558  4.631  4.919  4.925  4.920  2.967  3.831  3.543  3.832  3.353  3.362  3.356  2.656  3.377  3.370  3.350  3.379  2.246  3.362  3.387  3.359  3.384  3.370  4.215  4.220  3.118  2.828  4.227  4.221  4.212  4.214  3.098  4.199  4.189  3.472 
  0-12 -1.020 -1.729 -1.483 -1.512 -1.751  1.393 -1.470 -1.442 -1.489 -1.737  0.844  3.489 -1.706 -1.511 -1.537 -1.834  0.680  3.008 -0.168  0.569 -1.920 -1.620 -1.625 -1.870  0.978  2.954  4.016  1.285  1.579 -1.601 -1.566 -1.590 -1.785  1.370  4.298  4.298  4.991  4.585  5.683  4.990 -1.727 -1.540 -1.553 -1.736 -1.557 -1.350 -1.391 -1.754  1.493  4.278  1.266  2.320  4.240  3.838 -1.527 -1.537 -1.561 -1.771  1.620  3.739  2.208  4.944 -1.885 -1.665 -1.670 -2.111  0.971  3.386  3.954  4.609  3.185 -1.676 -1.500 -1.538 -1.750  1.943  4.519  5.082  5.073 -1.604 -1.477 -1.508 -1.703  1.657  3.897  4.999  4.298 -1.666 -1.452 -1.480 -1.850  0.825  3.589 -0.222  1.407 -1.261 -1.755 -1.780 -1.934  1.921  4.886  1.471 -1.700 -1.480 -1.493 -1.968  1.185  3.422  5.342  0.518  1.957 -1.794 -1.577 -1.582 -1.966  0.963  4.095  4.983  5.656  5.633  4.239  3.817 -1.592 -1.538 -1.576 -1.826  0.622  0.042 -1.547 -1.494 -1.521 -1.816  0.452  0.265  1.932 -1.422 -1.500 -1.520 -1.752  1.587  2.448  3.235 -1.677 -1.523 -1.541 -1.755  1.528  3.519  3.907  3.935  4.598  4.614  4.639  4.610  4.635  4.623 -1.646 -1.548 -1.569 -1.760  1.480  3.890  4.104  4.798  4.781  4.089  5.466  1.433 
  0-13 -0.624 -1.529  5.588 -1.506 -1.517  6.278 -1.518  4.553 -1.475 -1.488  4.562  3.467 -1.511  4.211 -1.516 -1.524  5.790  4.660  3.265  4.349 -1.687  5.887 -1.624 -1.632  5.856  5.824  5.788  4.166  4.377 -1.600  5.641 -1.597 -1.609  5.653  5.662  5.661  5.661  4.968  5.662  4.968 -1.638  5.417 -1.550 -1.557 -1.448  4.282 -1.368 -1.372  4.968  4.948  4.930  4.243  4.909  4.911 -1.594  6.007 -1.569 -1.579  6.017  6.020  6.017  5.328 -1.603  5.828 -1.670 -1.681  5.799  5.073  5.035  4.995  4.042 -1.512  6.419 -1.534 -1.545  6.433  6.443  6.446  6.438 -1.449  4.959 -1.507 -1.512  4.967  4.973  4.977  4.971 -1.488  4.872 -1.462 -1.469  5.540  5.514  4.406  4.804 -1.752  1.954 -1.770 -1.771  5.565  5.557 -1.606 -1.415  5.394 -1.489 -1.498  4.679  5.347  5.322  4.211  4.611 -1.493  5.033 -1.588 -1.599  5.707  5.685  5.655  5.637  5.613  4.911  4.204 -1.472  5.881 -1.555 -1.562  5.863  4.756 -1.488  4.770 -1.510 -1.515  5.852  4.231  5.148 -1.513  6.204 -1.528 -1.538  6.211  5.517  5.517 -1.605  3.899 -1.551 -1.559  4.599  4.596  4.579  4.605  4.577  4.593  4.618  4.587  4.614  4.599 -1.606  5.481 -1.570 -1.578  5.486  5.478  5.469  5.471  5.453  5.453  5.444  4.318 
  0-14 -0.495 -1.542 -1.514 -0.492 -0.204  3.204 -1.528 -1.494 -0.220 -0.188  2.183  4.585 -1.537 -1.516 -0.332 -0.311  2.279  4.676  3.368  4.142 -1.703 -1.690 -0.721 -0.456  2.694  4.049  5.806  4.694  5.782 -1.608 -1.574 -0.562 -0.288  3.590  5.681  5.681  5.681  4.988  5.681  5.681 -1.646 -1.630  0.064 -0.119 -1.477 -1.437 -0.350 -0.287  2.681  4.965  4.950  4.260  4.930  4.934 -1.593 -1.567 -0.540 -0.361  4.936  5.345  5.341  4.652 -1.632 -1.605 -0.519 -0.433  2.380  4.173  5.052  5.706  4.058 -1.519 -1.486 -0.599 -0.509  3.965  5.767  5.770  6.456 -1.456 -1.423 -0.566 -0.466  3.886  4.991  4.995  4.989 -1.526 -1.489 -0.116 -0.145  1.548  4.145  4.828  3.317 -1.736 -1.744 -0.500 -0.353  5.579  5.574 -1.757 -1.439 -1.412 -0.439 -0.350  2.750  4.671  5.338  3.941  4.628 -1.525 -1.489 -0.449 -0.420  3.238  5.009  5.672  5.654  5.630  5.622  4.913 -1.518 -1.467 -0.335 -0.268  2.622  3.234 -1.501 -1.480 -0.383 -0.315  3.384  3.462  4.760 -1.513 -1.486 -0.376 -0.267  5.535  6.228  5.534 -1.618 -1.581 -0.561 -0.350  2.313  3.921  3.903  4.621  4.594  4.610  3.941  4.606  4.630  4.616 -1.612 -1.585 -0.515 -0.325  3.422  5.494  4.387  5.486  5.471  5.469  5.462  4.742 
  0-15 -0.545 -1.892 -1.524 -0.654  2.074  2.245 -1.805 -1.513 -0.043  1.830  1.577  2.966 -1.834 -1.524 -0.311  2.032  1.705  2.510  2.176  2.309 -1.942 -1.698 -0.791  1.562  2.080  1.986  4.007  2.652  2.831 -1.866 -1.585 -0.493  2.137  2.526  5.673  3.728  3.881  4.063  4.287  4.575 -1.953 -1.650  0.270  1.520 -1.776 -1.450 -0.382  1.988  1.756  3.570  0.651  1.544  1.830  1.094 -1.792 -1.577 -0.382  2.387  3.947  2.629  3.542  3.197 -2.016 -1.615 -0.522  1.555  1.619  1.667  2.482  2.300 -0.040 -1.793 -1.494 -0.396  2.118  3.010  3.509  3.817  3.505 -1.758 -1.433 -0.284  2.178  2.579  2.497  3.887  3.591 -1.902 -1.501 -0.137  2.083  1.048  1.970  1.420 -0.142 -1.759 -1.725 -1.157  1.545  3.963  4.181  1.367 -1.853 -1.421 -0.271  1.881  1.887  1.597  3.946  1.684  0.326 -1.929 -1.499 -0.368  1.868  2.317  2.033  2.670  1.094  4.015  0.178  0.267 -1.791 -1.479 -0.235  1.813  1.828 -0.177 -1.774 -1.492 -0.060  1.909  2.565 -0.247  2.386 -1.750 -1.494 -0.219  2.328  4.141  3.388  2.609 -1.824 -1.589 -0.545  1.813  1.967  4.609  2.982  4.615  0.849  4.602  3.016  4.598  3.234  4.607 -1.859 -1.596 -0.466  1.900  2.721  4.388  3.868  4.379  4.364  4.768  5.451  0.606 
  0-16  2.571  1.036  6.248  2.531  2.029  6.244  1.146  4.518  2.202  1.788  3.429  3.431  0.680  5.790  2.279  1.705  5.757  5.034  2.947  3.305  0.448  5.857  2.289  1.821  5.824  5.793  5.755  3.439  3.650  1.502  5.605  2.300  1.782  5.616  5.626  4.932  5.625  4.932  5.624  5.624  1.152  6.077  2.757  2.075  0.941  4.941  2.749  1.763  4.932  4.913  3.796  4.899  4.871  4.874  1.191  5.973  2.827  2.192  5.983  5.985  4.884  5.292  0.997  5.798  1.822  1.258  5.768  5.042  4.598  4.271  3.136  1.463  5.691  2.564  2.099  6.397  6.406  5.025  6.401  1.661  4.924  3.307  2.961  4.932  4.938  4.941  4.933  1.018  5.535  2.288  1.688  5.509  5.484  2.835  3.856  2.860  5.560  1.828  1.558  5.532  5.525  2.837  1.008  5.362  2.663  1.601  5.339  4.621  5.288  3.889  3.191  1.083  5.697  2.708  2.060  5.674  5.652  5.622  4.909  5.580  3.374  3.359  0.920  5.849  2.329  1.739  5.135  2.988  1.007  5.836  2.584  1.965  5.125  2.629  4.710  1.650  6.170  2.667  1.967  6.175  6.176  5.481  1.025  4.560  3.165  2.599  4.567  4.565  4.547  4.573  3.444  4.557  4.584  3.860  4.580  4.564  1.089  5.448  2.880  2.222  5.451  5.443  4.741  5.435  4.723  5.417  5.408  2.895 
  0-17  3.937  3.329  5.522  5.114  3.066  4.603  3.095  4.485  3.780  2.383  4.491  3.396  3.008  4.660  4.676  2.510  5.034  5.696  2.914  3.591  2.955  5.825  5.842  2.538  5.792  5.760  5.721  3.761  3.394  3.167  5.571  5.564  3.610  5.584  5.593  5.591  5.591  4.493  5.591  4.897  2.962  5.352  4.670  3.106  3.309  4.908  4.914  2.962  4.205  4.185  3.253  4.172  4.144  4.148  2.985  5.938  5.930  4.313  5.256  5.951  5.948  5.258  2.744  5.768  4.683  2.217  5.739  4.097  4.567  3.548  2.223  3.946  6.352  6.340  3.764  5.671  6.373  6.376  5.674  3.787  4.892  4.885  3.491  4.900  4.905  4.908  4.898  2.812  5.504  4.823  2.868  4.785  5.452  2.550  3.237  5.539  5.530  3.927  2.764  5.503  4.804  4.824  3.045  5.331  5.342  1.868  4.614  5.282  5.254  3.854  3.291  3.282  5.667  5.675  2.673  4.952  4.928  4.489  3.624  4.447  1.648  1.862  2.998  5.124  4.726  2.874  5.103  2.099  3.173  5.110  5.118  2.916  4.687  2.014  4.390  3.357  6.138  5.034  3.484  5.449  5.449  4.755  2.912  4.529  4.522  3.417  4.537  4.537  4.517  4.543  4.509  4.526  4.555  4.519  4.546  4.533  3.471  5.418  4.723  3.332  5.422  5.410  5.402  5.402  4.691  4.690  4.681  2.862 
  0-18  1.049  0.107  4.597  3.806  2.697  2.985  0.269  3.784  3.363  2.056  3.791  3.389 -0.168  3.265  3.368  2.176  2.947  2.914  1.259  1.197 -0.024  4.718  4.040  2.269  2.892  2.978  3.920  1.509  1.344  0.330  5.565  3.946  2.412  4.189  5.584  3.638  5.583  3.974  3.972  3.972 -0.433  2.945  3.213  2.256 -0.278  3.802  3.518  2.416  2.811  3.079 -0.382  1.221  0.754 -0.291  0.618  5.236  5.920  2.693  5.245  4.150  4.840  3.544 -0.341  4.376  3.289  2.052  2.959  2.607  2.400  1.154 -1.278  0.556  6.344  4.028  2.766  5.663  4.755  4.758  4.057  0.356  4.189  3.490  2.382  4.199  3.510  4.206  3.281 -0.705  4.399  2.944  1.945  2.474  3.246  0.945 -0.277  0.539  3.730  3.333  2.351  3.549  3.292  1.874 -0.121  4.225  3.948  2.031  2.660  2.709  3.165  0.801 -0.522 -0.385  3.713  3.587  2.049  2.140  2.212  1.539 -1.237  2.362 -1.158 -1.489 -0.706  4.424  3.330  2.121  1.763 -1.213 -0.609  4.002  3.724  2.038  2.113 -1.031  2.006  0.443  5.030  4.176  2.713  4.342  3.734  3.424  0.209  3.422  2.905  2.718  3.835  4.528  3.816  3.844  0.014  3.826  3.854  3.820  3.848  3.831  0.255  5.410  5.409  2.461  4.721  4.710  4.295  4.701  3.073  3.431  3.980 -0.997 
  0-19  1.244  0.800  4.244  4.578  2.438  3.142  0.871  3.763  4.444  2.489  3.772  3.368  0.569  4.349  4.142  2.309  3.305  3.591  1.197  0.992  0.703  4.702  4.719  2.003  3.465  3.538  3.752  1.511  1.242  0.776  4.853  4.150  3.227  4.171  5.565  5.565  4.466  4.177  4.464  4.464 -0.031  3.024  3.729  2.559  0.088  3.092  3.097  2.050  2.927  4.853 -0.621  0.969  0.880 -0.536  0.969  4.527  5.903  3.591  4.314  3.846  3.976  3.621  0.032  4.137  4.372  1.670  2.942  2.185  1.905  1.117 -1.415  0.863  6.326  5.620  3.167  3.853  4.554  3.951  4.143  0.969  4.867  4.858  2.904  3.265  2.800  3.494  3.262 -0.060  4.787  4.393  2.224  2.361  2.943  0.884 -0.317  2.259  3.898  4.821  2.423  4.094  2.989  3.415  0.480  3.920  3.932  1.302  3.673  2.367  3.620  1.012 -0.130  0.090  4.545  4.552  2.147  2.676  2.706  1.849 -1.001  1.761 -1.161 -1.626 -0.026  4.184  4.190  2.081  1.764 -1.046 -0.148  4.393  5.092  2.646  2.465 -0.805  2.196  0.710  4.726  5.413  2.961  4.324  4.728  3.475  0.715  4.507  4.499  2.699  3.821  4.511  4.491  4.518 -0.344  4.499  4.530  2.887  2.731  4.508  0.710  4.700  5.392  3.190  5.396  5.385  4.278  4.278  3.410  3.970  3.400 -1.260 
  0-20 -1.090 -1.990 -1.561 -1.585 -1.852  1.472 -1.411 -1.408 -1.444 -1.694  1.105  3.563 -1.920 -1.687 -1.703 -1.942  0.448  2.955 -0.024  0.703 -2.171 -1.771 -1.780 -2.030  0.964  3.029  4.604  1.760  1.808 -1.619 -1.465 -1.500 -1.717  1.453  4.365  5.058  5.058  5.058  5.058  5.750 -1.635 -1.545 -1.551 -1.711 -1.738 -1.340 -1.366 -1.741  1.602  3.663  1.567  2.733  3.912  3.626 -1.611 -1.463 -1.495 -1.771  1.999  4.049  2.569  4.520 -2.173 -1.777 -1.789 -2.200  1.057  3.624  4.097  3.906  4.428 -1.854 -1.512 -1.555 -1.792  1.734  5.490  5.205  5.196 -1.843 -1.504 -1.546 -1.810  1.608  3.469  3.983  3.466 -1.906 -1.533 -1.549 -1.839  0.908  3.176 -0.307  1.512 -1.469 -1.881 -1.905 -2.073  1.561  4.564  1.183 -2.086 -1.641 -1.645 -2.008  1.098  3.375  4.330  1.168  2.468 -1.995 -1.618 -1.626 -2.097  1.001  3.641  4.709  3.998  5.074  3.813  3.797 -1.685 -1.531 -1.585 -1.840  0.726  0.246 -1.620 -1.452 -1.498 -1.830  0.688  0.512  1.956 -1.523 -1.496 -1.518 -1.785  1.759  2.484  3.178 -1.765 -1.467 -1.489 -1.749  1.205  3.541  4.619  3.955  4.614  4.629  3.965  3.931  4.653  4.637 -1.616 -1.415 -1.445 -1.711  1.282  4.451  4.847  3.929  5.523  5.521  5.514  2.118 
  0-21 -0.652 -1.627  6.361 -1.583 -1.593  6.358 -1.358  4.627 -1.442 -1.460  4.636  4.639 -1.620  5.887 -1.690 -1.698  5.857  5.825  4.718  4.702 -1.771  6.065 -1.773 -1.781  6.034  6.006  4.873  4.573  4.561 -1.493  5.018 -1.494 -1.507  5.724  5.731  5.730  5.037  5.035  5.729  5.728 -1.551  6.148 -1.553 -1.557 -1.491  5.056 -1.353 -1.356  5.045  5.026  4.316  5.013  3.888  4.294 -1.542  6.095 -1.493 -1.502  6.106  5.415  6.103  5.415 -1.812  5.967 -1.780 -1.790  5.939  5.215  4.772  4.223  4.410 -1.543  6.547 -1.543 -1.554  6.560  6.569  5.878  5.870 -1.596  5.047 -1.532 -1.537  5.055  5.057  5.059  3.955 -1.736  5.607 -1.539 -1.549  5.581  5.555  4.158  4.844 -1.348  1.710 -1.895 -1.894  5.653  5.645 -1.091 -1.693  5.482 -1.650 -1.660  4.363  4.744  5.411  5.399  4.006 -1.631  5.862 -1.628 -1.636  5.842  5.126  5.096  4.672  4.648  3.541  3.777 -1.455  5.235 -1.546 -1.554  5.909  3.822 -1.517  5.914 -1.465 -1.472  5.206  5.195  5.887 -1.541  6.289 -1.522 -1.533  6.294  6.292  6.292 -1.644  3.923 -1.490 -1.495  4.621  4.618  4.600  4.628  4.594  4.610  4.639  4.605  4.635  4.616 -1.491  4.842 -1.437 -1.446  5.540  5.529  5.520  5.518  5.501  5.500  5.491  4.770 
  0-22 -0.574 -1.635 -1.612 -0.851 -0.654  3.431 -1.380 -1.337 -0.337 -0.288  3.270  4.659 -1.625 -1.624 -0.721 -0.791  2.289  5.842  4.040  4.719 -1.780 -1.773 -0.913 -0.815  2.959  4.923  5.294  4.590  4.577 -1.500 -1.467 -0.632 -0.459  4.131  5.749  5.054  5.749  5.053  5.748  5.746 -1.564 -1.541 -0.051 -0.174 -1.497 -1.478 -0.377 -0.395  2.760  4.353  3.642  5.032  3.908  4.316 -1.540 -1.516 -0.612 -0.507  5.024  5.432  6.121  5.433 -1.815 -1.814 -0.857 -0.750  2.819  4.826  5.195  4.751  3.733 -1.552 -1.517 -0.813 -0.687  4.631  6.587  5.895  4.972 -1.603 -1.577 -0.747 -0.624  4.378  5.075  5.077  3.973 -1.734 -1.734 -0.517 -0.538  1.666  4.879  3.616  4.168 -1.332 -1.339 -0.903 -0.990  4.976  4.968 -1.357 -1.699 -1.692 -0.851 -0.733  3.280  4.760  5.427  5.415  4.311 -1.634 -1.626 -0.822 -0.673  2.913  4.226  5.806  5.096  4.379  3.812  3.949 -1.463 -1.452 -0.584 -0.563  2.525  3.615 -1.516 -1.507 -0.617 -0.550  3.970  3.267  5.211 -1.536 -1.515 -0.531 -0.479  5.617  5.617  4.923 -1.642 -1.620 -0.754 -0.464  3.946  4.636  3.516  4.644  4.611  4.628  4.655  4.624  4.653  4.637 -1.493 -1.470 -0.494 -0.352  3.764  5.546  3.928  5.536  4.421  5.517  5.509  4.383 
  0-23 -0.576 -1.955 -1.623 -0.838  1.827  2.274 -1.667 -1.349 -0.048  1.977  2.449  2.857 -1.870 -1.632 -0.456  1.562  1.821  2.538  2.269  2.003 -2.030 -1.781 -0.815  1.409  2.092  1.887  4.188  2.832  3.122 -1.743 -1.478 -0.329  2.209  3.093  4.354  3.541  3.949  4.127  4.352  4.349 -1.832 -1.563  0.100  1.734 -1.803 -1.491 -0.252  2.070  1.921  2.957  0.674  1.621  1.860  1.501 -1.805 -1.528 -0.309  2.423  4.503  2.714  3.547  3.072 -2.202 -1.821 -0.725  1.409  1.791  1.745  2.448  2.180  0.125 -1.821 -1.526 -0.509  2.169  3.136  4.276  3.808  3.355 -1.844 -1.585 -0.583  2.403  3.115  2.763  3.681  2.663 -2.064 -1.741 -0.357  2.065  1.005  2.198  1.278 -0.043 -1.369 -1.294 -0.772  1.458  4.052  3.255  1.087 -2.054 -1.701 -0.701  1.884  2.292  1.595  4.321  1.768  0.453 -2.075 -1.638 -0.647  1.797  2.091  1.581  2.966  1.338  3.561  0.346  0.331 -1.758 -1.460 -0.228  1.763  1.727 -0.142 -1.815 -1.520 -0.154  2.142  3.341 -0.178  2.136 -1.788 -1.525 -0.207  2.110  4.510  2.900  2.472 -1.883 -1.632 -0.580  2.128  2.836  3.526  2.208  4.634  0.817  4.619  3.260  3.920  3.950  4.625 -1.755 -1.486 -0.260  1.872  2.773  4.151  3.043  2.887  3.900  4.121  4.401  1.064 
  0-24  2.976  1.525  6.327  3.686  2.679  6.323  1.813  4.593  2.970  2.007  4.599  4.601  0.978  5.856  2.694  2.080  5.824  5.792  2.892  3.465  0.964  6.034  2.959  2.092  6.003  5.973  5.245  4.134  3.834  1.884  5.677  3.470  2.827  5.689  5.695  5.695  5.000  5.000  5.691  5.691  1.370  5.016  3.183  2.485  1.564  5.022  3.417  2.457  5.007  4.987  3.872  4.974  4.256  4.950  1.775  6.060  3.566  2.999  6.069  4.971  4.681  4.972  0.984  5.937  3.177  1.752  5.907  4.489  5.144  4.189  2.767  1.536  6.513  3.557  2.643  6.524  5.840  5.436  5.834  1.372  5.015  3.061  2.516  5.019  5.022  5.023  3.917  1.171  5.573  2.753  2.488  5.548  5.521  2.676  3.199  2.564  5.647  2.357  2.125  5.620  4.919  3.552  1.190  5.453  3.382  2.277  5.429  4.710  4.681  3.284  3.746  1.270  5.831  3.068  2.004  5.116  5.785  5.059  5.040  4.325  3.219  3.489  1.552  5.896  3.337  2.285  5.876  3.160  1.345  5.882  2.945  2.330  5.864  3.369  4.244  1.815  6.253  3.682  2.837  6.258  4.870  5.157  1.745  4.585  3.194  2.627  4.591  4.585  4.566  4.592  4.560  4.576  4.606  4.570  4.599  4.581  1.785  5.502  3.198  2.857  5.505  5.494  5.485  5.483  5.466  5.464  5.455  4.326 
  0-25  3.605  3.902  6.296  5.601  2.502  5.193  3.454  4.558  4.546  2.342  3.871  3.467  2.954  5.824  4.049  1.986  5.793  5.760  2.978  3.538  3.029  6.006  4.923  1.887  5.973  4.333  4.519  3.329  2.837  3.691  5.645  5.637  2.857  4.962  5.662  5.661  5.661  5.659  5.659  4.964  3.526  6.081  4.484  2.563  3.898  4.989  4.996  2.424  4.975  4.954  4.243  4.247  4.218  3.305  3.313  6.029  4.922  2.251  5.343  5.343  4.936  4.427  3.219  5.908  4.822  1.194  5.184  5.153  5.113  3.283  2.555  4.174  6.482  5.085  2.592  6.492  5.806  5.403  5.394  3.880  4.983  4.976  2.330  4.293  4.296  3.889  3.188  3.362  5.544  5.557  2.083  5.515  5.488  2.586  2.698  4.931  4.926  4.525  2.850  5.590  4.197  4.909  4.746  5.423  4.741  1.417  5.400  5.372  5.342  4.232  2.840  3.418  5.802  5.117  1.541  5.778  5.753  3.928  4.092  4.292  2.964  2.824  3.105  5.864  5.178  2.499  4.744  1.465  3.459  5.850  5.165  1.922  5.833  1.331  4.028  3.648  6.221  6.214  2.336  6.224  5.124  4.836  3.856  4.556  4.551  2.754  4.561  4.555  3.842  4.561  3.142  4.543  4.572  4.537  3.871  4.548  4.082  5.471  5.471  3.387  5.473  5.461  5.452  4.351  5.432  4.331  4.728  2.684 
  0-26  4.411  4.471  5.162  5.566  4.052  4.645  4.515  4.519  4.509  3.402  4.524  3.835  4.016  5.788  5.806  4.007  5.755  5.721  3.920  3.752  4.604  4.873  5.294  4.188  5.245  4.519  4.770  3.372  3.205  4.908  5.610  5.601  4.901  5.619  5.625  4.930  5.623  4.927  5.620  5.618  4.668  6.045  6.057  3.656  4.960  4.952  4.957  3.854  4.938  4.914  4.894  4.204  4.177  3.485  4.886  5.300  5.290  4.589  5.306  4.900  4.611  4.049  4.508  4.487  4.500  3.394  4.457  4.424  3.691  3.093  1.540  5.747  6.447  6.436  6.427  5.763  5.768  5.364  5.356  4.249  4.946  4.940  4.240  4.256  4.259  3.563  2.994  4.830  5.509  5.522  3.721  5.478  5.450  3.831  3.130  5.589  5.585  5.591  3.980  4.864  4.449  4.468  4.306  4.696  5.397  3.780  5.362  4.236  4.611  3.094  3.339  4.396  5.767  5.776  3.824  5.743  5.024  4.074  3.267  3.446  1.417  1.635  4.744  4.730  4.450  4.221  4.707  2.499  4.722  5.813  5.821  4.026  5.101  3.217  4.173  5.078  5.491  5.079  4.560  5.492  5.084  4.573  3.823  4.522  4.520  4.511  4.524  4.520  3.806  4.526  3.801  3.816  3.844  4.501  3.145  3.415  5.434  5.438  5.436  4.045  5.439  5.426  4.723  5.414  4.295  4.007  3.996  2.178 
  0-27  1.588  1.309  4.862  3.848  2.903  3.534  1.410  3.407  4.496  3.388  3.411  2.722  1.285  4.166  4.694  2.652  3.439  3.761  1.509  1.511  1.760  4.573  4.590  2.832  4.134  3.329  3.372  1.583  1.198  1.676  3.988  4.201  3.501  4.914  5.612  3.818  4.225  3.660  4.508  4.507  0.545  2.598  3.337  2.640  0.805  3.840  3.847  3.331  3.133  4.207  0.031  1.483  0.778 -0.499  1.927  4.369  4.178  3.188  4.888  4.599  3.585  3.344  1.164  4.252  3.677  2.570  3.122  2.853  2.147  1.058 -1.217  1.719  5.743  4.814  3.368  4.835  4.840  3.559  3.609  1.564  4.933  4.926  2.723  3.838  3.552  2.856  2.528  0.750  4.802  4.411  2.792  2.982  4.342  1.421  0.085  3.013  3.964  4.193  2.359  3.348  3.139  3.360  1.203  4.682  4.287  2.979  2.952  3.377  3.212  1.346  0.016  1.106  4.369  4.155  2.460  3.534  2.997  1.664 -0.983  1.473 -1.163 -1.435  0.445  4.024  3.744  2.873  2.797 -0.488  0.122  4.415  4.200  3.033  3.073 -0.170  2.185  1.833  4.560  4.372  3.160  4.225  3.771  3.684  1.505  3.412  4.507  3.806  4.514  3.819  3.798  3.823 -0.170  3.807  3.834  3.106  2.577  3.117  1.434  4.732  5.424  3.340  4.733  4.719  4.016  3.456  2.897  3.301  3.424 -1.056 
  0-28  1.486  1.521  4.156  3.932  2.929  3.395  1.312  4.491  3.792  3.375  2.889  3.403  1.579  4.377  5.782  2.831  3.650  3.394  1.344  1.242  1.808  4.561  4.577  3.122  3.834  2.837  3.205  1.198  0.622  1.313  5.584  5.574  3.169  3.801  4.501  4.499  5.598  5.595  3.985  4.206  0.504  3.312  3.731  2.770  1.107  4.926  4.934  3.316  2.965  3.789 -0.149  1.344  0.893 -0.728  1.615  5.967  4.348  3.176  5.280  4.363  3.772  3.136  1.199  3.906  4.254  2.636  3.253  2.529  1.605  0.637 -1.472  1.742  5.323  5.024  3.916  4.639  5.051  4.240  3.790  1.047  3.822  4.222  2.961  3.537  3.316  2.439  2.433  0.846  4.385  4.804  3.003  3.257  3.817  1.272 -0.023  3.369  4.461  4.875  2.522  2.700  3.327  2.654  1.162  3.978  4.682  2.371  3.545  2.602  3.333  0.992 -0.374  1.041  4.136  4.654  2.801  2.886  2.699  1.128 -1.171  1.305 -1.227 -1.471  0.609  4.417  3.866  2.671  2.225 -0.516  0.754  4.402  4.698  2.700  2.995 -0.265  2.292  1.846  5.058  4.765  3.098  4.213  3.264  3.159  1.549  4.498  4.496  4.488  4.499  4.495  3.088  3.808 -0.250  3.791  3.413  2.533  2.561  3.103  1.519  4.721  4.314  2.923  3.469  5.401  3.780  3.598  3.171  2.730  3.749 -1.190 
  0-29 -0.847 -1.529 -1.353 -1.370 -1.732  1.722 -1.152 -1.284 -1.303 -1.720  1.386  4.385 -1.601 -1.600 -1.608 -1.866  1.502  3.167  0.330  0.776 -1.619 -1.493 -1.500 -1.743  1.884  3.691  4.908  1.676  1.313 -1.158 -1.100 -1.121 -1.741  1.628  4.431  4.837  4.837  4.836  4.837  4.837 -1.561 -1.488 -1.488 -1.783 -1.442 -1.469 -1.489 -1.788  1.598  4.108  2.219  3.690  4.068  2.972 -1.074 -1.125 -1.150 -1.656  2.191  5.109  3.315  4.418 -1.539 -1.421 -1.427 -1.683  1.694  3.921  5.486  5.443  4.708 -1.436 -1.158 -1.189 -1.725  2.008  6.252  5.562  4.861 -1.357 -1.160 -1.170 -1.671  1.861  3.712  4.122  3.423 -1.529 -1.463 -1.470 -1.727  1.753  3.728  0.033  1.985 -0.831 -1.441 -1.457 -1.678  2.217  4.289  1.252 -1.534 -1.460 -1.452 -1.743  2.098  4.471  4.039  1.067  2.173 -1.582 -1.560 -1.570 -1.833  1.747  4.363  5.431  4.716  5.385  5.375  4.663 -1.369 -1.435 -1.463 -1.743  1.274  0.439 -1.227 -1.487 -1.495 -1.784  1.123  0.902  2.426 -1.008 -1.256 -1.270 -1.740  2.377  3.155  3.501 -1.369 -1.257 -1.282 -1.759  1.595  2.483  4.409  3.747  4.407  4.427  3.760  4.424  4.450  4.435 -1.266 -1.322 -1.340 -1.804  1.554  3.229  3.914  4.202  5.285  5.284  5.276  1.850 
  0-30 -0.428 -1.242  4.956 -1.346 -1.358  6.049 -1.295  4.383 -1.284 -1.304  4.391  4.393 -1.566  5.641 -1.574 -1.585  5.605  5.571  5.565  4.853 -1.465  5.018 -1.467 -1.478  5.677  5.645  5.610  3.988  5.584 -1.100  5.516 -1.101 -1.117  5.529  4.846  4.845  4.845  4.845  4.846  4.845 -1.367  5.229 -1.467 -1.476 -1.319  4.141 -1.456 -1.463  4.825  4.810  4.100  4.796  4.076  4.078 -1.187  5.798 -1.126 -1.137  5.809  5.812  5.808  5.812 -1.515  5.607 -1.399 -1.414  5.572  5.537  5.495  5.451  4.021 -1.268  6.238 -1.161 -1.178  6.251  6.261  5.164  5.563 -1.188  4.806 -1.158 -1.176  4.816  4.820  4.824  4.817 -1.490  5.401 -1.439 -1.455  5.374  4.248  4.238  4.634 -1.409  1.606 -1.428 -1.428  5.404  5.396 -1.163 -1.390  4.527 -1.440 -1.454  5.197  5.171  5.146  3.343  4.028 -1.426  5.515 -1.543 -1.554  5.494  5.472  5.439  4.725  5.392  5.380  5.364 -1.510  5.030 -1.422 -1.430  5.703  5.001 -1.477  4.989 -1.471 -1.480  5.665  4.961  4.959 -1.241  4.892 -1.253 -1.265  5.996  5.996  5.994 -1.214  4.429 -1.256 -1.273  4.439  4.438  4.418  4.448  4.415  4.434  4.461  4.433  4.458  3.749 -1.227  4.625 -1.317 -1.327  5.324  5.316  5.309  5.309  5.294  5.293  5.286  4.162 
  0-31 -0.310 -1.266 -1.256 -0.467 -0.292  3.475 -1.328 -1.300 -0.007  0.076  3.281  4.383 -1.590 -1.597 -0.562 -0.493  2.300  5.564  3.946  4.150 -1.500 -1.494 -0.632 -0.329  3.470  5.637  5.601  4.201  5.574 -1.121 -1.101  0.080  0.295  3.728  5.529  4.432  5.529  5.529  5.530  5.529 -1.402 -1.391 -0.118 -0.155 -1.345 -1.338 -0.249 -0.109  3.428  4.796  4.087  4.783  3.660  4.066 -1.202 -1.187  0.043  0.392  5.800  5.804  5.799  5.110 -1.548 -1.545 -0.510 -0.073  3.484  5.528  5.487  5.442  4.301 -1.293 -1.270 -0.200  0.151  4.450  6.252  5.561  6.247 -1.212 -1.190 -0.080  0.280  3.419  4.810  4.121  4.809 -1.526 -1.515 -0.375 -0.221  2.103  4.238  2.929  3.707 -1.419 -1.430 -0.398 -0.081  5.394  4.696 -1.441 -1.428 -1.414 -0.523 -0.188  3.396  5.162  5.135  3.735  5.115 -1.451 -1.450 -0.498 -0.191  3.180  4.769  4.736  4.715  5.382  4.679  4.661 -1.538 -1.535 -0.403 -0.189  3.294  3.738 -1.505 -1.497 -0.218 -0.175  4.044  3.566  5.641 -1.255 -1.244  0.064  0.321  5.293  5.292  5.291 -1.236 -1.215 -0.173 -0.026  4.428  4.430  4.407  4.439  4.407  4.425  3.758  4.421  4.446  4.433 -1.244 -1.231 -0.033  0.123  4.216  5.309  5.300  5.301  5.286  5.285  5.278  5.250 
  0-32 -0.397 -1.652 -1.268 -0.370  2.218  2.420 -1.836 -1.314  0.276  2.553  1.975  2.584 -1.785 -1.609 -0.288  2.137  1.782  3.610  2.412  3.227 -1.717 -1.507 -0.459  2.209  2.827  2.857  4.901  3.501  3.169 -1.741 -1.117  0.295  2.916  3.026  5.522  3.577  3.912  5.522  4.423  4.422 -1.748 -1.423  0.174  1.672 -1.749 -1.348 -0.086  1.979  2.034  3.689  0.679  1.942  2.352  1.316 -1.718 -1.197  0.093  2.771  4.406  2.963  3.307  3.494 -1.806 -1.555 -0.523  2.015  2.380  3.326  3.535  2.546  0.292 -1.784 -1.278 -0.219  2.249  3.017  4.299  3.945  3.469 -1.748 -1.203 -0.183  2.827  2.600  3.193  3.421  2.604 -1.771 -1.525 -0.185  2.171  1.504  3.027  1.350  0.015 -1.451 -1.368 -0.646  1.636  4.695  3.590  1.011 -1.730 -1.425 -0.393  1.952  2.349  2.383  3.741  1.936  0.363 -1.756 -1.461 -0.465  2.204  2.481  2.621  2.531  1.005  3.428  0.171  0.384 -1.782 -1.549 -0.223  1.943  2.157 -0.076 -1.740 -1.511  0.169  2.169  3.007 -0.023  2.688 -1.790 -1.251  0.141  2.916  4.591  3.144  3.033 -1.716 -1.225 -0.014  2.789  3.035  4.423  2.611  4.433  0.686  4.418  3.345  3.720  4.440  3.733 -1.822 -1.254  0.109  2.519  2.262  4.607  3.345  4.194  4.584  4.179  3.882  0.513 
